label,2.864,1.736,4.682,4.910,2.085,1.231,2.908,4.195,4.062,4.498,4.483,3.959,2.189,3.901,4.481,3.431,3.052,2.126,2.894,3.957,4.996,3.382,2.263,4.472,4.924,4.966,4.263,4.072,1.217,1.336,3.027,3.395,2.653,1.176,4.547,3.769,1.455,3.625,2.171,2.537,4.209,1.609,2.125,2.998,3.677,1.355,3.700,1.675,3.286,4.713,4.425,3.058,1.273,4.575,3.680
0,3.539,2.087,4.420,2.339,1.607,1.528,1.740,2.033,3.970,2.189,3.076,4.933,1.940,4.228,3.999,3.642,3.679,4.995,2.160,1.540,2.187,2.907,3.835,1.069,3.088,1.054,4.291,3.948,2.372,3.838,2.628,2.377,3.363,1.654,2.086,3.284,4.288,3.978,3.425,3.441,2.086,3.280,2.396,1.383,1.805,2.715,2.058,3.901,1.970,3.205,2.490,1.336,3.076,3.090,1.725
0,4.892,3.375,3.743,2.475,1.957,3.037,2.861,2.725,2.680,4.852,3.236,2.481,2.510,3.033,2.556,4.504,3.891,2.896,4.622,4.011,2.674,2.201,4.157,3.212,4.336,2.102,2.290,1.029,2.513,3.920,2.378,4.376,2.378,4.660,4.922,1.737,4.954,4.160,3.381,4.232,2.967,4.922,3.177,1.035,4.448,1.773,3.599,4.780,4.372,3.459,2.282,4.878,2.982,1.678,1.281
0,4.756,2.265,2.851,4.748,4.187,2.071,3.077,2.215,3.218,3.022,4.653,3.603,2.330,4.652,1.379,2.812,4.258,4.616,4.130,4.797,3.473,3.046,3.146,1.831,3.147,3.992,4.801,1.724,2.644,3.605,2.045,3.421,2.842,2.238,3.545,4.000,1.671,4.751,2.838,4.753,4.780,3.012,4.572,2.116,3.358,2.830,4.583,3.942,2.213,4.798,4.520,4.455,2.232,2.851,4.844
0,2.647,3.015,4.839,1.405,3.831,4.998,1.431,3.465,4.288,2.876,2.855,1.973,3.658,3.976,4.335,2.957,3.835,3.809,4.703,2.720,2.520,1.254,1.604,2.257,4.951,4.646,4.089,2.911,2.458,3.018,2.118,2.929,3.618,1.485,2.439,3.946,3.317,3.529,3.153,3.036,4.247,2.723,2.192,4.147,4.840,4.935,3.548,4.233,4.155,1.910,1.019,4.591,2.989,4.393,3.816
0,4.230,3.138,4.649,3.205,2.633,1.731,2.242,2.819,4.472,3.601,2.860,4.611,1.508,2.388,1.724,4.582,1.334,4.673,4.004,4.433,1.381,3.631,2.497,2.668,4.431,4.021,1.759,4.635,3.874,1.069,2.813,4.189,3.340,3.396,3.191,3.459,4.857,4.960,4.093,2.959,3.291,1.672,2.275,4.037,3.757,4.353,1.960,4.784,1.214,2.024,2.048,3.335,4.004,2.466,4.141
0,1.427,3.224,1.240,4.391,2.394,3.672,4.751,3.932,1.796,3.043,4.125,2.378,4.496,3.791,3.207,3.223,2.144,1.171,3.104,2.668,4.410,3.854,3.130,4.963,2.420,3.295,3.660,1.448,2.082,3.112,2.296,2.511,2.346,1.158,3.591,4.987,2.695,2.198,1.990,1.675,4.800,3.573,1.923,1.288,4.183,1.319,2.109,1.728,3.914,1.022,3.100,1.291,4.060,4.395,4.793
0,4.439,4.841,2.031,1.439,3.625,2.657,3.848,2.468,1.788,3.214,1.777,4.368,3.576,3.151,2.266,1.522,4.971,4.836,2.531,3.009,2.347,2.384,1.065,1.919,4.923,3.336,4.351,1.098,2.682,4.032,2.516,3.453,3.271,2.552,2.069,3.425,4.239,2.229,1.703,3.424,2.043,1.758,1.005,2.412,4.734,3.466,3.344,2.068,2.496,3.420,3.751,2.424,3.374,4.590,3.110
0,3.204,1.588,1.304,2.551,2.877,3.955,4.594,3.513,4.592,1.222,2.225,3.385,3.845,4.014,2.179,3.698,1.671,3.641,2.886,4.301,2.289,1.365,3.068,4.013,2.210,1.680,2.479,1.780,1.859,1.314,1.336,4.259,4.321,4.569,4.506,2.534,3.545,1.063,2.516,1.425,2.510,3.724,2.596,1.504,3.051,1.088,2.787,3.417,3.857,2.098,4.883,2.980,1.335,1.301,3.467
0,2.015,1.774,1.003,1.718,4.654,2.212,1.053,2.655,1.227,2.738,3.503,1.036,4.173,2.487,1.796,3.403,2.109,2.292,4.739,3.440,4.224,2.982,3.481,3.552,2.691,2.887,3.831,1.695,2.495,1.153,4.514,2.766,1.659,3.823,3.139,2.926,1.589,4.798,4.127,2.540,4.154,2.636,4.105,2.922,2.330,2.121,1.988,1.219,2.996,1.990,1.206,1.314,2.897,3.112,3.790
0,2.481,2.875,4.251,2.529,2.236,3.984,1.327,3.239,2.830,4.893,1.597,1.345,4.435,3.522,2.592,3.675,4.339,3.358,2.681,1.366,3.678,1.261,4.623,4.583,4.265,1.409,2.427,1.451,2.386,4.369,2.362,3.710,4.818,1.290,3.472,1.678,2.347,1.285,2.866,1.876,4.651,3.719,4.831,2.519,4.092,4.203,3.889,1.847,2.658,4.653,1.602,1.907,2.899,2.201,1.291
0,4.507,4.109,1.989,1.108,4.652,1.181,1.685,3.226,2.782,4.082,4.342,3.162,2.074,3.088,3.451,1.318,1.188,2.012,1.312,4.854,1.057,3.705,3.496,2.141,2.975,1.399,1.804,4.885,4.153,3.521,3.509,3.235,3.223,4.415,4.244,4.544,2.956,1.251,4.811,3.551,3.170,4.411,2.093,2.438,4.537,4.630,2.689,4.264,1.858,4.731,4.563,2.615,3.951,2.893,4.857
0,4.100,1.466,2.823,1.718,3.118,2.960,4.281,3.234,4.744,2.876,1.965,4.353,2.788,3.526,3.412,2.703,1.085,2.067,1.230,1.926,1.261,2.996,1.810,1.367,2.898,4.020,3.929,1.906,3.892,3.780,1.424,4.877,4.102,4.008,3.421,1.955,1.158,3.119,2.320,1.044,3.271,1.106,2.087,4.804,1.536,2.438,2.317,2.399,4.681,2.996,4.285,1.296,1.037,1.194,1.905
0,2.328,3.015,3.068,3.618,4.937,4.271,4.037,1.704,2.338,1.521,4.780,4.736,4.843,4.745,3.622,2.147,2.237,4.910,1.393,1.651,3.972,3.531,4.751,4.189,4.366,3.075,2.342,3.917,3.281,3.063,3.628,3.652,1.086,4.473,2.357,4.388,3.106,4.139,4.280,2.193,2.799,4.309,1.699,1.650,1.082,3.651,1.192,4.103,4.937,4.924,3.010,3.815,4.142,2.795,2.064
0,3.909,3.359,1.880,2.966,3.616,2.559,2.766,4.423,2.248,4.742,3.548,2.594,2.563,4.966,2.535,3.918,3.923,4.199,2.005,4.441,1.346,3.018,4.083,1.417,3.078,3.760,3.172,1.902,2.904,1.282,4.614,2.946,1.132,3.938,4.905,2.064,4.361,3.242,2.833,1.036,1.707,2.334,3.646,3.459,3.377,2.289,3.640,1.584,3.784,3.434,2.426,1.931,2.422,4.892,4.274
0,1.064,3.954,4.415,2.741,4.599,3.044,1.063,2.660,3.474,3.509,1.416,3.872,1.128,3.945,4.220,1.659,1.005,4.043,2.783,1.232,2.341,3.965,2.726,1.273,1.212,1.121,3.184,3.873,2.676,2.206,2.783,3.175,1.959,4.445,4.624,2.355,3.006,3.904,1.151,3.567,4.549,2.620,1.150,2.513,1.999,4.828,2.316,3.455,2.234,4.289,2.996,4.481,4.464,1.482,3.306
0,1.738,4.335,4.944,2.543,3.649,4.026,3.067,4.164,2.311,3.920,3.020,1.218,1.068,3.636,2.571,4.839,2.357,4.729,1.551,1.843,1.127,1.328,1.661,4.715,4.269,4.734,4.172,3.845,4.806,1.311,3.576,1.252,4.547,1.130,3.716,1.774,2.911,4.945,2.632,2.048,2.618,4.195,3.773,4.035,1.689,4.957,3.059,1.260,2.380,4.045,3.765,1.513,1.920,2.141,4.757
0,2.919,2.195,1.707,2.363,4.155,2.820,4.951,1.494,2.390,3.276,4.961,1.312,2.635,3.836,3.675,3.415,3.160,3.450,2.407,2.625,1.043,3.250,1.531,4.703,3.873,4.455,3.606,1.635,4.544,4.516,2.494,4.386,1.118,4.492,4.484,3.841,2.573,3.016,2.854,3.985,1.262,4.295,4.393,2.231,4.745,4.881,1.341,4.559,1.841,2.043,2.359,2.908,4.735,4.340,2.882
0,3.679,3.964,4.612,4.144,3.099,3.487,2.827,3.943,3.509,3.268,3.851,3.365,3.267,2.688,2.280,1.498,3.987,1.809,1.843,2.261,4.850,2.222,1.584,1.635,2.361,1.735,1.278,3.383,1.750,1.422,4.882,2.863,4.547,4.717,1.019,3.627,4.703,1.053,2.992,4.508,2.427,3.080,3.304,2.189,1.607,1.352,1.724,3.599,3.476,2.974,4.241,3.134,1.526,3.841,4.321
0,3.959,2.409,4.715,3.022,4.393,3.088,1.151,3.116,4.324,4.088,4.704,4.895,3.105,4.954,2.932,4.512,4.936,1.076,2.820,2.315,2.503,2.512,2.555,4.761,1.651,1.287,2.648,1.282,2.699,3.734,1.317,4.090,4.823,3.140,2.093,3.915,4.563,1.679,4.302,3.254,3.891,1.505,1.792,3.898,4.281,3.946,1.611,3.575,4.717,3.031,3.077,4.239,4.641,3.559,4.565
0,4.830,4.653,1.735,4.902,2.968,2.623,2.149,3.860,4.949,4.588,4.641,1.836,2.383,2.027,3.083,3.523,2.232,4.140,1.726,1.922,3.422,4.042,2.420,4.907,3.273,2.657,1.011,2.976,2.151,2.113,4.784,2.031,3.241,4.427,1.255,1.022,4.405,3.910,1.903,4.173,1.070,4.074,3.947,1.335,1.207,1.387,2.522,1.921,1.680,4.890,2.999,4.972,3.976,4.667,4.952
0,2.815,2.391,3.711,2.238,4.311,3.119,4.608,2.059,1.614,2.998,1.833,3.350,4.744,1.872,1.353,4.855,4.182,3.634,2.023,1.361,1.673,2.404,3.757,1.867,3.450,3.104,4.199,3.801,2.741,2.375,3.445,4.908,3.196,3.407,1.414,4.234,2.183,1.991,3.402,1.227,4.965,4.701,2.577,2.661,3.117,3.810,1.619,1.870,3.580,4.742,1.307,4.894,1.704,1.641,2.863
0,1.348,3.781,4.628,1.653,2.308,4.220,1.405,1.870,3.375,2.998,4.147,4.310,3.419,2.090,1.710,4.805,3.459,2.560,2.419,2.588,4.086,3.370,2.029,2.818,3.832,3.973,3.563,1.161,2.313,1.731,1.700,2.500,1.620,1.668,2.656,1.081,4.449,3.599,1.332,2.277,2.565,3.123,1.925,4.752,2.158,2.797,1.519,1.605,1.713,2.432,1.116,3.228,1.837,4.316,1.692
0,1.694,1.894,4.745,4.234,4.245,3.453,4.395,4.994,2.290,1.603,3.194,1.478,3.919,1.493,1.698,2.232,1.675,2.041,2.782,1.004,2.710,1.214,2.668,3.084,1.760,1.164,2.642,2.012,4.593,4.835,3.715,1.613,2.214,3.612,1.497,3.413,4.794,1.785,1.661,2.721,2.492,2.380,1.006,1.815,2.154,1.420,2.338,3.597,1.132,4.604,4.116,1.866,3.282,1.659,4.739
0,3.820,1.879,3.163,4.172,2.917,4.152,1.178,1.169,4.922,2.625,3.983,2.486,3.743,4.450,4.038,1.798,2.819,2.886,3.441,3.849,1.629,1.115,2.772,2.430,1.988,2.869,1.201,2.771,1.808,2.407,3.497,2.698,1.835,3.185,4.670,3.066,1.237,4.262,2.372,1.256,3.046,1.674,1.181,2.487,2.404,1.288,1.476,4.814,2.546,3.604,4.071,1.955,2.608,3.037,1.378
0,4.847,3.336,3.314,2.332,3.672,4.010,4.627,1.422,3.267,2.846,2.277,4.184,1.460,2.212,1.589,1.626,4.606,3.921,3.130,3.667,1.866,2.432,2.853,1.649,2.184,3.072,3.542,3.971,2.414,4.944,3.351,2.709,1.059,1.335,3.359,4.013,3.745,1.445,3.067,1.661,4.721,4.991,1.555,2.369,2.202,1.784,3.933,4.479,1.512,2.244,4.892,2.602,4.886,1.541,4.900
0,2.219,1.238,2.469,3.664,2.657,1.403,2.504,3.582,2.001,1.994,3.231,4.143,2.823,1.329,1.906,3.428,2.063,1.389,3.237,3.763,4.481,1.895,3.682,3.365,2.214,4.456,3.237,4.555,2.059,3.007,4.082,1.543,1.843,4.388,3.192,1.288,4.755,4.150,2.669,4.423,2.602,2.887,1.255,1.417,2.820,2.312,1.265,3.307,3.721,4.079,2.460,3.109,1.219,4.460,3.433
0,1.342,3.749,1.121,2.764,2.071,2.385,2.985,3.353,4.902,1.173,1.530,3.711,1.360,3.297,4.186,3.695,2.515,4.672,1.809,2.521,2.461,1.004,2.274,1.317,4.653,4.306,2.108,4.722,3.660,2.149,4.670,1.145,1.297,2.045,1.897,1.262,2.310,2.291,3.099,2.063,3.164,2.317,1.953,2.504,2.170,2.904,4.158,2.463,3.064,2.443,4.533,2.855,4.128,2.638,1.301
0,4.137,1.800,1.866,1.080,3.374,4.250,2.865,4.666,3.136,1.016,4.119,1.245,4.409,2.526,3.773,2.787,1.034,1.642,3.202,1.370,1.584,1.567,2.785,3.609,3.942,4.291,2.516,3.702,1.880,1.485,4.361,3.978,3.282,2.096,4.059,2.754,1.648,3.108,3.326,2.511,2.114,4.247,3.487,4.062,1.213,4.121,4.358,4.265,3.606,2.497,3.677,2.811,2.024,2.463,1.589
0,2.450,3.762,1.412,3.191,3.029,4.548,2.703,2.860,4.984,4.411,4.124,3.005,1.888,3.646,1.546,4.782,4.669,3.579,1.043,1.529,4.496,1.351,2.159,2.444,4.423,2.351,1.467,1.000,2.627,3.741,3.284,3.614,3.216,2.517,2.234,3.249,3.384,4.211,1.894,4.765,1.422,2.582,3.249,1.803,2.261,3.094,2.718,1.820,2.445,2.170,3.239,1.757,4.814,4.685,3.737
0,3.393,3.583,4.474,4.076,3.556,1.438,3.200,4.142,3.691,4.644,3.348,1.981,4.794,1.242,4.184,2.014,3.223,3.465,2.971,4.157,4.365,2.527,4.699,3.982,1.572,1.340,1.539,4.779,3.591,1.965,2.458,1.984,4.181,3.908,4.780,1.702,3.254,2.019,4.672,4.306,3.241,4.450,2.043,2.567,2.189,1.109,3.149,3.430,1.809,1.129,4.952,1.409,3.114,1.226,1.672
0,1.416,4.798,2.370,3.138,1.417,1.838,4.782,3.156,2.854,2.796,3.297,3.766,2.169,3.578,3.439,3.309,2.464,2.974,2.246,4.105,4.522,3.039,4.843,2.496,3.313,4.713,1.729,4.641,4.601,1.895,4.058,2.445,3.512,2.735,4.796,2.799,4.720,4.322,2.305,1.861,1.545,3.139,1.878,3.229,1.949,1.155,1.470,3.980,4.065,3.650,3.609,1.062,2.119,2.002,4.535
0,4.032,4.346,3.224,1.069,4.485,4.710,2.203,2.301,2.515,1.809,2.413,3.738,1.261,3.850,4.107,2.805,2.563,3.431,4.990,2.366,1.747,2.820,1.175,2.932,4.222,3.197,4.059,4.635,4.801,2.926,2.965,2.993,1.239,2.865,4.253,1.631,3.298,2.137,2.897,2.254,2.981,4.852,4.878,1.524,3.494,2.082,2.187,2.011,3.745,4.648,2.897,2.218,3.742,3.300,1.784
0,1.583,1.102,4.368,2.187,2.603,2.708,3.547,2.040,2.605,4.458,2.743,3.816,2.122,3.772,4.533,2.687,2.039,3.737,4.506,4.806,3.856,3.133,4.970,4.030,2.467,1.242,3.403,2.026,1.878,3.697,3.415,4.476,4.289,3.406,1.151,3.341,4.083,2.215,2.078,1.609,1.399,2.724,1.629,3.794,1.727,4.706,4.527,2.371,4.066,1.764,2.867,4.043,3.571,1.453,4.139
0,4.819,1.382,3.002,1.513,1.697,1.377,4.836,3.315,4.213,1.345,3.717,2.065,2.996,3.133,2.187,3.287,3.828,1.708,4.102,4.221,1.916,1.228,3.509,3.725,2.976,2.692,2.812,3.530,4.615,4.943,1.024,3.649,1.136,4.816,3.657,4.074,1.799,4.579,4.164,1.028,2.684,4.114,1.936,4.821,4.824,2.129,3.932,4.249,1.932,1.809,3.049,3.164,4.495,4.871,2.436
0,3.001,4.199,1.979,3.749,3.618,1.456,2.834,1.344,3.319,2.439,1.596,2.904,2.228,3.630,3.470,2.907,4.757,4.626,1.225,2.280,1.629,3.896,2.742,2.262,3.144,2.761,3.980,1.812,1.900,1.880,2.954,4.994,3.524,4.854,4.349,4.757,3.847,4.823,3.808,3.014,3.746,1.849,1.965,1.285,1.338,3.142,3.495,2.447,2.008,1.595,3.830,1.277,3.656,3.389,1.069
0,1.722,1.453,1.326,3.671,3.485,3.604,1.584,2.727,4.626,1.067,4.820,1.121,3.878,1.515,4.985,4.326,2.884,3.544,2.908,3.105,3.825,3.575,3.906,1.139,1.995,3.031,3.983,1.781,4.165,3.608,2.195,1.988,2.839,3.621,2.328,4.753,3.552,2.223,1.155,3.416,4.400,4.657,1.631,1.308,2.549,2.565,2.748,1.779,2.493,2.288,4.917,2.184,2.764,2.823,2.634
0,1.451,4.367,1.075,2.765,3.972,3.173,3.173,3.593,2.174,2.162,4.776,1.158,4.460,4.650,1.493,1.481,2.776,1.071,4.627,1.161,1.291,2.429,1.759,1.394,3.790,2.816,4.553,3.372,3.267,3.402,4.376,4.962,3.668,2.960,1.822,4.913,1.059,2.952,4.239,1.428,3.600,3.649,1.896,2.066,2.613,2.067,3.935,3.685,3.143,4.050,4.938,4.602,3.613,3.818,3.538
0,2.799,3.868,2.774,4.528,4.418,1.613,4.458,2.357,4.689,1.713,3.628,2.588,2.435,2.334,1.921,2.288,2.441,2.255,1.917,3.196,1.059,1.477,1.526,1.128,3.635,4.156,1.193,1.699,3.624,3.633,2.774,1.966,4.254,2.625,3.561,1.633,4.959,4.331,4.144,2.187,4.262,2.109,1.367,2.733,1.442,4.113,1.872,4.610,2.289,3.389,3.647,3.499,2.732,1.810,3.887
0,3.479,2.089,3.779,3.766,1.488,2.927,4.463,3.722,1.420,1.949,3.498,3.124,4.965,2.999,3.155,4.643,3.400,4.599,4.231,2.581,2.054,2.981,4.976,4.843,1.062,1.753,2.215,4.373,2.639,2.860,2.483,3.690,4.413,4.153,3.104,4.957,3.929,3.693,3.270,1.375,3.407,2.459,2.899,4.474,1.177,2.121,4.246,4.245,2.088,2.527,1.643,3.651,3.182,4.989,2.671
0,3.659,1.438,4.589,3.814,4.323,1.378,2.286,3.632,3.554,3.694,3.450,3.794,1.384,3.995,3.068,1.311,2.284,1.671,3.656,2.155,1.525,4.140,4.018,1.514,3.804,2.875,3.075,1.313,1.569,4.470,2.003,4.991,2.253,2.008,3.401,2.709,4.054,3.886,1.621,4.888,4.552,2.870,3.170,2.683,2.615,4.922,4.096,3.227,3.060,1.267,2.415,3.537,1.978,4.268,4.367
0,1.331,1.869,1.432,4.917,3.107,3.955,1.999,2.113,2.894,1.111,3.062,4.135,4.715,2.008,2.209,4.318,4.700,3.445,1.159,2.145,4.643,2.698,2.897,3.603,4.686,4.698,1.308,2.804,3.747,2.054,4.103,4.198,3.886,2.868,2.843,3.844,3.665,4.657,3.614,4.415,1.182,2.697,2.029,4.463,1.302,3.105,3.309,3.338,2.689,1.595,2.623,2.431,2.687,3.072,1.958
0,1.672,4.811,4.188,1.151,3.267,1.987,2.083,4.372,1.062,1.994,3.577,4.695,3.214,4.371,3.931,4.807,2.689,3.206,3.326,2.722,3.601,4.084,1.730,1.728,3.993,4.948,2.414,2.127,1.375,2.078,1.214,3.804,4.189,2.956,1.465,2.500,3.535,1.669,1.355,4.353,1.000,2.353,2.730,1.903,3.923,4.535,3.227,2.968,1.801,4.068,2.083,2.019,2.571,2.731,2.939
0,3.221,1.264,1.525,3.937,2.149,3.151,4.902,2.733,2.345,3.477,2.394,1.312,2.438,2.892,4.396,1.200,1.870,2.108,1.042,2.196,1.481,2.365,3.343,2.889,2.698,3.931,4.088,4.981,4.477,3.485,2.848,1.071,3.934,2.171,3.295,3.580,1.212,3.147,2.182,1.336,1.085,2.905,2.943,1.826,2.230,4.217,3.877,3.391,3.165,2.342,1.154,1.286,4.600,3.452,4.115
0,4.552,4.468,4.630,1.965,1.209,4.279,1.298,1.484,1.510,3.114,4.312,1.737,2.368,1.391,1.309,2.945,2.396,1.753,1.624,3.780,4.727,1.074,2.247,2.193,1.166,2.946,1.916,4.165,1.329,2.627,3.678,4.438,2.316,1.311,4.503,2.078,1.749,2.363,2.612,4.928,3.929,2.236,3.461,4.994,1.075,1.156,1.686,2.806,1.069,4.530,3.073,1.327,2.078,2.419,1.824
0,2.677,1.699,3.504,1.318,2.599,1.584,3.696,4.728,4.134,4.126,3.728,4.489,2.510,1.908,2.631,2.627,4.848,2.055,3.436,1.524,2.149,2.626,4.513,2.632,3.729,3.257,4.669,1.753,2.723,2.370,1.739,1.171,1.204,4.139,1.119,3.760,4.569,3.553,3.333,4.189,4.455,2.902,1.552,1.145,4.794,1.006,2.445,2.245,4.223,3.310,3.951,4.253,2.768,3.744,4.164
0,4.140,2.311,3.083,3.395,1.460,4.384,2.173,4.985,2.856,1.037,3.756,2.198,1.099,3.656,3.604,1.863,4.732,2.266,1.388,3.957,1.386,1.018,4.203,1.677,2.982,3.173,3.834,1.428,1.846,2.848,3.724,3.430,1.533,2.213,4.839,1.298,2.034,3.498,4.604,3.052,3.892,3.157,1.780,2.835,4.039,1.720,2.025,2.417,1.956,2.816,4.208,4.579,3.780,2.012,1.487
0,2.621,3.608,4.759,4.516,1.798,2.919,4.054,1.643,2.798,3.672,1.149,2.953,4.453,3.749,1.182,4.790,1.489,3.441,3.557,2.191,3.974,1.785,3.305,3.769,4.591,1.350,3.898,4.328,3.097,4.112,3.500,2.176,4.891,3.674,1.242,2.654,1.825,2.316,1.191,1.619,3.740,3.630,3.319,4.757,3.542,4.886,4.751,2.144,2.703,2.508,4.615,1.728,2.714,2.847,3.373
0,4.067,4.054,1.218,3.103,3.735,3.067,3.528,2.080,4.585,4.524,2.624,4.819,2.437,1.932,1.381,2.450,3.052,3.485,4.719,2.152,2.489,3.643,4.304,3.073,3.034,3.995,4.571,2.265,4.696,1.097,3.637,3.878,2.641,3.323,2.486,3.983,2.297,1.328,4.049,2.845,4.552,3.253,1.472,3.535,4.564,3.944,4.950,2.313,2.105,2.815,3.882,2.428,1.609,3.350,1.420
0,1.654,3.714,3.393,1.809,4.576,3.881,4.663,3.037,2.999,4.113,1.201,1.045,2.666,2.300,1.699,2.446,1.614,3.799,4.794,4.731,3.082,3.585,2.077,4.123,4.019,3.662,4.806,4.823,4.219,3.269,3.240,1.739,1.039,1.863,4.865,2.821,3.144,2.599,2.448,3.353,3.808,2.048,4.843,2.933,4.061,1.030,1.494,4.850,4.353,4.405,1.589,4.770,1.596,4.240,3.471
0,4.714,3.435,3.899,4.176,1.655,4.825,1.617,2.180,3.835,2.822,2.785,3.836,2.309,4.051,3.340,2.572,4.672,3.418,2.878,2.588,3.166,1.074,2.108,3.265,4.571,2.560,1.777,1.579,1.754,3.305,1.695,1.369,1.979,2.988,1.498,2.592,2.721,2.963,1.952,2.839,4.658,2.468,1.859,4.721,4.789,3.337,2.500,1.946,3.561,3.805,2.702,1.593,2.918,2.136,2.372
1,4.556,3.039,2.642,2.934,4.633,4.092,1.782,4.599,4.613,1.263,2.653,3.757,1.491,4.775,2.218,1.212,4.922,3.359,4.146,1.668,1.281,4.825,1.503,4.099,3.462,3.077,4.716,2.199,4.804,4.266,3.992,3.537,3.133,3.920,1.203,2.803,1.699,2.136,3.763,2.799,1.030,1.712,1.944,3.403,2.849,4.531,1.507,2.148,4.655,1.295,4.474,3.473,1.755,2.614,4.785
1,3.069,2.889,1.226,4.519,1.032,4.398,3.236,2.976,1.062,4.403,4.495,4.760,2.363,4.490,3.462,4.041,1.929,4.225,2.130,1.023,3.593,3.920,3.954,1.034,1.835,4.839,3.853,3.125,3.603,1.956,4.273,4.719,1.784,1.460,2.463,2.971,4.191,3.489,4.458,4.176,4.205,4.094,1.202,2.113,4.941,4.275,1.867,4.665,1.571,1.271,3.678,1.517,3.503,1.930,3.271
1,4.801,1.189,4.300,3.784,3.596,2.647,3.392,1.121,3.372,3.704,3.714,1.611,4.984,1.750,4.476,2.686,3.055,2.029,4.687,3.324,4.372,3.414,3.290,2.779,1.975,4.024,2.091,1.800,1.811,4.920,3.546,2.503,2.072,1.773,3.778,3.285,2.047,4.255,2.582,4.351,4.891,1.945,2.951,3.140,1.902,2.012,3.953,4.109,2.382,2.985,2.690,2.244,4.948,2.522,1.192
1,4.323,4.906,4.801,4.494,1.696,3.773,3.026,3.988,4.225,2.291,4.123,3.648,4.135,4.822,3.094,1.233,2.688,4.589,2.809,4.169,4.840,4.280,4.876,4.568,4.676,1.564,3.023,2.649,1.711,3.047,4.490,4.530,3.301,2.890,3.532,2.006,3.716,2.406,3.063,4.659,3.785,1.754,3.759,1.614,4.869,1.555,3.696,4.403,3.268,3.362,3.588,2.872,2.660,2.773,4.447
1,3.022,1.672,2.900,2.127,1.048,3.699,1.899,3.053,2.285,2.633,4.095,1.261,2.973,1.872,4.630,3.547,4.616,2.346,1.532,1.277,2.771,2.320,4.116,4.272,2.606,4.143,3.691,2.020,4.230,3.075,1.471,3.657,1.209,4.561,1.241,3.291,4.295,1.788,1.847,2.881,1.069,4.542,2.590,1.815,1.997,4.292,1.589,1.673,4.667,1.319,1.236,3.760,2.698,4.603,1.835
1,4.772,2.809,3.229,2.087,1.648,1.816,4.260,3.753,4.521,1.212,4.330,1.572,3.995,1.606,4.553,4.799,1.641,4.828,2.967,2.167,2.900,4.253,1.060,4.160,4.566,2.075,4.778,4.633,2.748,1.059,3.685,2.773,4.332,2.518,2.388,2.150,3.949,3.021,3.623,1.193,3.833,1.235,2.335,3.414,3.004,4.747,2.652,2.840,2.975,1.847,1.125,1.117,1.065,2.485,1.940
1,1.128,1.130,4.066,3.245,4.701,1.226,2.811,3.649,3.847,2.605,4.478,3.710,4.409,4.623,4.369,3.200,3.389,2.639,2.287,3.259,2.197,3.924,4.861,2.756,4.643,1.433,3.116,1.262,1.855,3.355,3.030,2.704,2.612,2.811,4.443,1.147,3.450,2.813,2.876,2.080,2.395,4.686,4.603,1.621,4.106,4.079,4.886,3.538,4.429,3.233,2.967,1.952,1.092,3.651,3.807
1,1.114,3.431,4.378,3.804,3.318,3.828,3.381,1.093,2.655,1.563,4.419,2.599,1.358,2.717,2.562,3.465,4.897,1.212,3.492,3.975,2.799,2.421,3.589,4.312,2.491,1.631,2.345,2.469,4.993,3.347,2.306,1.749,2.324,3.361,3.994,2.692,2.490,1.934,4.988,1.009,1.824,3.375,2.726,3.415,2.103,4.787,4.637,3.875,1.925,1.150,4.547,1.121,2.368,4.854,2.025
1,4.829,1.546,4.012,3.558,1.895,1.651,4.445,3.821,4.615,4.036,3.615,2.329,2.604,2.143,4.064,2.816,2.239,1.424,1.566,2.781,3.400,1.337,4.964,4.392,3.872,2.935,4.746,3.747,1.518,2.206,2.061,3.152,3.538,4.832,4.815,4.859,3.858,3.275,3.829,1.576,2.666,3.400,3.049,1.844,4.195,2.537,4.908,4.544,3.692,3.120,1.309,1.135,3.117,4.927,1.312
1,4.632,3.754,1.533,4.618,1.305,2.659,1.920,3.360,3.424,1.971,2.287,4.392,4.715,1.577,4.108,1.506,3.978,3.873,3.888,2.513,1.065,3.100,2.609,3.085,4.772,1.172,3.123,1.424,1.500,2.167,4.263,1.987,1.900,3.249,3.065,2.193,1.617,1.688,4.960,2.552,2.059,3.369,3.987,4.599,1.686,1.775,3.128,1.799,2.017,2.661,2.453,4.965,3.947,1.293,4.305
1,3.472,1.092,3.930,2.419,3.374,3.140,2.854,3.048,3.335,4.771,2.278,2.798,2.093,2.908,2.970,2.776,1.770,1.178,3.537,1.707,3.011,1.506,3.541,2.583,1.890,4.639,2.540,2.631,1.351,3.783,2.942,1.404,4.149,4.771,2.939,3.910,1.849,3.390,1.651,1.005,1.996,3.411,4.237,2.228,3.010,4.782,3.605,2.428,2.540,1.430,2.378,3.509,4.219,4.321,3.639
1,3.788,3.773,2.880,1.835,2.670,3.058,4.201,1.990,1.228,2.221,2.389,3.101,4.652,3.369,2.221,2.316,3.351,4.528,2.613,3.699,3.444,1.185,3.810,2.495,1.372,3.376,2.828,3.299,1.242,1.208,4.999,4.815,1.201,1.616,4.105,3.344,2.525,4.958,1.067,3.229,3.859,3.252,4.435,4.454,4.858,1.536,4.680,1.664,1.968,1.698,3.346,1.627,1.546,2.540,3.213
1,4.448,4.328,1.687,1.469,1.646,1.215,1.406,3.136,2.813,2.742,1.073,4.185,3.561,4.794,4.774,3.243,4.916,4.833,1.343,2.778,1.601,3.711,2.001,3.429,4.488,2.408,3.023,3.887,1.948,1.946,1.371,2.808,3.419,2.159,1.792,4.935,1.713,4.109,4.915,3.837,3.965,1.057,4.503,4.743,3.655,4.457,4.218,3.928,4.289,2.382,3.762,3.825,4.342,4.657,4.859
1,2.556,2.747,3.243,4.384,3.757,1.975,2.355,4.997,1.151,1.810,3.895,4.741,2.719,1.516,4.418,2.905,2.271,1.029,4.944,1.966,1.090,3.409,4.556,1.566,4.386,3.182,4.273,1.736,2.036,1.849,3.878,4.100,4.944,2.773,2.506,2.101,1.419,4.105,1.459,1.357,1.831,1.186,3.114,1.879,1.259,1.971,2.094,2.931,4.179,1.904,3.794,1.429,4.924,2.956,4.142
1,4.010,2.215,1.297,1.118,4.992,4.657,1.335,3.260,2.439,1.438,3.745,1.163,4.015,1.510,2.266,1.949,2.151,4.660,2.755,1.124,1.827,3.262,4.740,2.175,4.748,2.568,3.213,4.493,2.496,3.011,2.348,2.472,4.725,4.718,3.663,4.393,4.295,1.878,4.003,3.094,4.663,1.020,1.527,3.775,2.304,3.618,4.651,1.089,2.539,1.046,2.729,1.357,2.565,3.363,3.564
1,1.549,3.199,4.367,1.341,2.572,1.505,4.096,3.775,3.789,3.604,3.724,1.096,3.949,1.556,2.262,1.953,4.392,4.531,1.684,3.844,4.470,1.287,2.626,4.264,4.895,2.597,4.697,1.866,1.946,1.827,4.966,4.997,3.971,1.961,2.984,3.800,2.351,1.061,1.243,1.160,3.237,1.300,3.538,3.193,1.465,3.606,2.617,4.017,3.575,3.127,4.728,4.394,4.224,3.774,1.286
1,4.272,3.074,4.794,3.631,2.545,1.476,4.849,1.795,1.326,2.292,2.352,4.712,4.966,1.847,4.479,3.718,3.036,2.931,2.283,4.183,2.456,4.593,3.522,2.734,4.627,4.722,1.452,1.739,4.640,4.225,2.745,3.411,4.617,2.724,3.293,3.471,3.293,3.522,4.591,4.181,1.136,1.911,3.670,4.471,4.169,2.693,3.895,4.858,4.277,1.139,2.593,1.241,4.212,4.673,3.578
1,1.447,1.824,2.159,2.104,3.024,2.063,3.486,3.973,4.210,3.052,2.187,1.247,2.374,2.807,3.189,3.795,2.027,3.176,2.106,4.020,1.678,4.549,3.044,3.959,2.739,1.643,1.752,3.693,3.092,4.523,4.396,3.372,4.680,2.653,4.593,1.862,4.068,3.708,1.079,3.161,1.541,1.528,1.094,3.561,4.082,4.833,3.495,3.095,4.385,4.113,1.272,2.724,4.210,3.824,2.124
1,3.801,3.900,4.140,2.085,1.427,4.747,1.983,1.044,2.833,1.888,2.981,4.228,3.506,2.540,3.400,2.980,2.530,2.739,3.896,2.865,4.329,4.009,4.170,2.467,4.088,1.195,1.116,3.400,2.856,2.041,4.711,3.545,2.048,2.080,2.796,4.729,1.914,1.042,2.344,1.704,3.698,1.449,1.319,3.934,3.588,4.353,2.710,1.432,4.847,2.166,2.328,4.374,3.933,2.068,4.740
1,4.917,1.689,3.821,2.533,4.571,4.971,4.034,4.844,3.237,4.392,4.146,2.715,1.711,3.533,1.344,3.525,3.513,2.376,2.092,1.234,3.192,2.256,1.812,2.993,3.754,4.427,1.587,1.217,2.531,3.581,3.420,2.070,1.426,1.352,2.418,4.811,1.691,4.102,2.768,2.912,2.500,4.048,2.385,1.014,1.714,3.677,2.903,4.926,4.807,2.923,3.470,4.726,3.925,2.498,4.238
1,4.220,3.316,4.306,2.178,4.279,4.178,4.884,2.511,2.272,2.286,2.047,4.319,3.665,3.209,2.035,2.517,2.018,4.470,2.084,4.683,2.266,4.345,4.496,2.074,2.750,1.704,1.802,4.602,3.009,1.980,4.383,3.862,2.140,2.425,2.055,4.137,3.581,3.462,3.509,1.547,4.575,2.932,3.403,3.133,2.838,2.425,3.862,3.838,4.514,3.469,4.744,3.188,1.292,3.780,1.162
1,4.110,3.059,2.200,4.532,3.240,2.457,3.147,1.317,2.041,1.918,4.461,4.212,1.526,4.207,2.726,1.627,3.690,3.580,1.700,2.828,2.364,3.987,4.494,1.385,3.607,2.949,2.260,2.206,3.419,2.889,3.607,3.153,2.252,2.552,1.294,4.272,4.029,3.539,1.436,4.678,2.792,4.601,4.520,4.249,1.465,3.003,1.272,4.418,2.273,1.272,1.464,4.675,3.879,3.214,1.830
1,2.542,3.762,3.762,1.182,1.240,2.395,4.744,3.346,2.155,2.928,2.600,1.435,3.189,2.722,4.000,4.606,3.062,2.437,2.305,3.590,1.069,2.983,4.208,3.697,4.131,3.577,4.318,3.638,3.903,3.813,1.592,4.335,1.891,3.652,3.920,4.272,4.663,3.992,3.623,1.481,2.214,1.515,3.227,1.889,1.785,3.655,4.605,3.098,3.268,4.527,4.658,1.078,3.652,4.193,3.011
1,2.071,2.820,1.346,3.119,4.161,3.061,2.392,4.859,2.057,4.076,3.581,4.147,1.483,4.479,3.741,1.902,1.839,4.068,4.841,4.434,3.283,2.788,3.033,3.353,2.457,3.533,4.666,2.390,1.988,3.651,4.608,2.970,3.938,1.320,3.066,2.177,1.784,3.253,4.316,2.388,2.386,3.945,2.594,4.598,3.452,3.120,3.394,1.259,2.359,1.381,3.283,1.491,4.721,1.388,3.794
1,3.363,1.915,2.824,2.001,1.857,3.730,2.344,4.567,2.985,2.331,1.979,2.039,1.475,3.425,3.763,4.538,4.362,3.845,4.177,4.268,4.178,3.270,3.479,2.346,2.715,3.308,3.464,3.205,1.297,1.252,4.909,4.404,4.071,2.676,1.175,3.377,3.071,2.695,4.508,2.994,3.738,4.942,4.833,1.387,4.905,1.335,4.881,4.034,3.360,2.873,2.249,3.123,1.620,4.099,3.694
1,1.815,3.904,4.155,4.251,2.442,1.623,1.066,4.321,4.361,1.347,1.637,3.909,3.999,2.657,4.012,4.578,4.593,1.654,2.712,2.151,4.580,1.391,3.614,2.071,1.110,2.820,2.082,4.080,3.151,4.623,2.108,3.578,4.258,4.862,2.586,3.570,3.068,2.471,4.344,3.593,1.523,1.504,2.896,3.482,4.959,2.161,1.250,2.855,2.414,4.729,4.201,1.161,4.368,4.402,2.357
1,4.755,1.123,4.644,3.485,2.166,4.493,3.676,4.323,3.983,3.990,4.399,1.057,1.321,2.625,3.382,2.981,2.483,1.859,2.986,1.375,3.059,4.175,2.603,2.950,1.422,1.082,4.788,3.152,1.161,2.726,4.166,1.929,1.621,3.455,4.557,4.145,3.645,4.663,1.462,4.673,2.500,2.463,1.469,3.395,2.397,3.008,3.107,4.232,2.345,2.728,2.672,1.228,4.864,1.002,3.716
1,1.723,1.703,2.480,3.660,2.007,2.451,4.217,1.059,1.571,4.769,3.248,3.338,3.757,3.620,2.009,1.945,4.774,4.600,1.301,3.071,1.405,1.375,1.017,1.520,3.082,4.116,2.160,3.781,2.070,3.037,2.632,2.085,3.838,1.947,4.011,4.704,3.791,3.417,3.367,4.128,3.049,1.384,3.715,2.609,3.537,4.045,3.744,1.058,4.490,1.105,1.369,1.154,4.068,3.095,2.350
1,2.534,3.024,2.091,4.639,1.066,2.388,4.180,4.807,2.869,3.590,1.291,4.344,4.070,3.843,4.270,4.252,2.754,3.101,4.833,1.943,3.749,4.813,2.109,1.776,3.194,4.380,3.333,1.489,1.806,1.208,1.176,2.243,4.566,1.387,1.999,1.365,3.345,2.727,4.421,3.477,2.467,4.027,3.320,2.934,3.358,4.796,3.127,1.935,4.083,2.144,2.737,4.967,3.778,2.395,2.070
1,3.439,1.637,4.701,4.311,3.656,3.907,4.076,1.216,3.273,2.779,2.148,4.955,3.703,1.439,4.105,2.639,2.759,1.123,1.735,3.685,1.336,2.610,4.043,4.043,3.888,2.725,4.220,2.804,3.342,4.679,3.565,1.052,3.487,1.856,1.271,3.910,4.232,1.470,1.814,1.251,3.106,1.310,3.043,2.863,1.722,3.726,3.556,3.215,2.864,1.036,2.891,2.370,1.164,2.131,1.232
1,3.771,2.958,4.045,4.068,2.310,4.364,2.677,3.020,1.838,2.455,4.342,4.278,1.708,3.463,1.340,4.215,2.191,2.407,1.775,3.262,4.972,4.705,2.432,4.106,2.394,4.964,1.865,2.974,4.342,4.650,4.643,2.513,2.250,4.405,1.825,1.380,4.769,1.285,4.417,2.262,4.664,1.110,1.858,4.396,2.975,2.372,3.425,1.584,4.091,3.773,4.315,2.814,1.900,4.350,1.657
1,3.859,1.347,2.362,1.012,3.604,3.574,3.788,1.037,3.175,3.023,3.631,1.153,3.731,1.927,3.824,2.696,1.502,1.899,2.396,1.086,2.911,4.584,4.784,2.779,4.224,2.431,2.477,3.773,2.655,4.304,2.629,4.806,3.932,3.145,4.005,4.261,1.198,4.121,2.501,4.444,2.866,4.797,1.205,4.909,4.935,2.900,1.778,1.962,3.992,4.891,3.147,3.652,2.237,3.830,3.005
1,2.223,1.587,3.455,1.448,2.231,1.746,3.157,4.435,1.248,1.903,2.201,4.792,2.413,3.202,4.320,3.448,4.946,4.916,3.579,1.676,2.011,1.419,2.727,3.317,3.565,1.281,2.033,3.275,2.913,1.781,4.772,2.127,1.444,3.669,1.154,2.490,1.354,1.849,3.996,4.323,3.290,4.639,2.387,4.970,4.658,4.212,3.828,1.671,4.840,2.609,2.189,4.509,4.684,2.762,2.182
1,1.996,1.553,2.952,1.290,3.313,4.761,2.711,2.194,2.988,4.900,1.052,4.733,2.856,2.082,3.944,1.319,1.140,4.945,3.979,2.206,2.087,4.166,4.371,2.537,4.100,4.155,1.810,1.011,4.843,4.348,2.584,3.721,2.300,1.178,3.165,1.452,2.776,2.219,1.545,1.090,2.591,1.983,1.036,2.266,2.808,3.667,3.402,3.557,3.267,4.837,4.583,2.982,2.654,4.478,4.712
1,1.777,4.144,4.589,4.875,1.226,4.649,3.341,2.733,1.046,4.260,2.677,3.500,4.836,4.469,4.475,3.390,1.456,3.008,4.568,2.261,2.829,4.711,1.163,1.959,4.809,3.369,3.212,2.162,2.656,2.320,2.375,4.996,2.835,2.330,2.832,2.112,1.718,2.693,2.905,2.432,4.701,3.278,1.757,1.201,2.806,1.402,3.260,3.724,4.592,3.890,3.879,2.225,2.054,3.568,4.605
1,2.940,2.242,2.761,1.729,3.818,4.105,4.591,3.754,1.918,3.629,4.145,2.566,2.174,3.566,1.864,1.044,4.913,3.996,4.424,2.296,3.623,4.265,4.392,2.411,3.168,3.450,1.723,4.117,3.897,2.639,2.648,3.990,3.643,3.759,2.079,3.320,2.659,4.094,3.500,3.474,3.144,2.884,4.477,3.644,3.858,4.648,2.835,2.214,2.354,2.086,1.165,2.335,4.385,4.528,3.856
1,4.789,4.967,1.457,2.813,2.648,3.140,4.433,2.724,2.505,4.808,4.051,2.111,4.747,1.862,1.071,2.805,4.517,4.195,3.911,1.363,3.817,4.167,3.571,3.117,2.806,3.364,1.374,1.466,2.468,2.593,2.958,3.483,2.526,1.798,1.293,3.286,1.165,3.781,3.005,4.171,2.593,4.326,4.238,3.289,2.206,3.420,1.005,2.456,4.489,4.666,2.455,4.369,4.817,3.057,3.031
1,1.342,1.661,2.317,1.055,2.395,2.283,3.557,1.012,3.268,2.471,3.407,4.509,3.241,3.238,1.000,4.463,3.627,2.545,4.735,4.829,1.718,2.657,4.682,3.386,4.172,2.570,2.421,4.806,2.110,4.255,2.956,2.114,4.211,3.537,4.090,4.829,3.653,1.322,1.323,1.376,2.025,2.350,3.266,4.673,4.035,3.742,4.228,1.344,2.421,1.139,1.416,4.714,2.118,2.251,3.489
1,1.657,3.754,1.955,4.072,3.142,4.842,3.794,4.988,1.010,2.269,3.134,4.573,3.917,3.630,4.304,3.135,3.403,2.496,4.585,1.424,1.927,4.674,1.918,3.134,2.283,1.104,1.725,4.182,4.535,2.190,1.116,4.412,1.693,3.701,2.916,2.643,2.788,2.518,2.705,4.677,1.260,2.928,3.986,2.678,2.114,2.943,1.824,1.681,1.982,4.898,4.180,1.320,2.740,3.873,4.663
1,4.441,3.250,2.760,4.970,2.428,1.575,3.908,4.573,1.101,4.147,3.299,2.243,2.476,4.651,4.975,2.594,1.730,4.441,1.877,2.081,4.844,1.214,1.717,4.878,3.534,2.349,3.871,3.446,1.662,3.703,4.152,1.352,3.540,4.684,3.484,1.219,1.976,4.037,2.363,3.379,3.712,4.550,3.211,2.919,1.990,3.920,4.774,1.795,2.922,2.373,4.715,2.572,3.311,2.933,1.662
1,3.852,4.016,1.616,4.094,4.958,3.918,2.293,4.824,2.897,4.559,2.334,1.426,3.178,4.470,1.794,3.316,3.953,4.989,1.474,4.867,3.760,3.990,3.666,1.793,4.506,1.400,2.215,4.656,3.331,4.809,3.989,3.389,2.486,1.345,3.878,3.956,2.363,3.297,3.119,4.522,3.739,1.569,1.603,1.175,2.701,2.266,4.255,1.919,3.800,1.500,2.827,1.550,4.289,4.720,4.506
1,4.959,1.514,4.269,2.032,3.472,3.780,2.287,4.633,3.131,4.141,1.668,3.269,4.247,2.855,2.036,3.992,4.386,4.619,2.192,1.805,1.360,4.860,3.590,3.752,2.028,2.084,2.573,1.913,3.458,1.574,4.299,1.643,1.485,3.987,4.092,3.411,3.699,3.833,2.681,4.579,1.548,3.049,3.300,4.422,3.921,1.476,2.292,3.908,1.115,1.160,3.573,4.472,2.520,3.101,4.611
1,4.259,3.969,1.115,2.469,4.186,2.073,2.541,4.877,2.063,4.570,1.371,2.743,3.760,3.574,4.891,2.750,1.224,4.168,4.795,3.144,1.532,4.877,2.405,2.480,3.739,1.316,2.290,1.124,2.335,1.690,1.835,3.121,2.669,2.055,2.290,4.254,1.721,1.012,4.801,3.317,3.538,1.373,1.899,2.953,1.529,4.720,4.853,1.326,2.501,2.235,3.313,3.547,3.445,2.692,1.564
1,3.214,1.143,4.167,1.956,1.486,2.246,3.973,2.266,4.688,4.904,4.296,2.763,1.851,1.559,1.604,3.262,3.688,3.902,2.841,4.386,4.336,4.479,3.466,4.575,4.540,1.316,3.784,2.258,1.444,3.516,1.522,3.231,3.280,3.196,3.090,4.358,1.231,1.136,1.551,1.081,3.586,3.897,3.987,2.352,1.215,1.041,3.547,2.953,2.180,4.798,3.750,3.856,3.884,2.558,2.057
1,2.933,1.806,2.388,3.436,2.763,1.418,4.243,1.994,2.138,4.333,1.306,4.671,1.135,3.951,1.791,2.190,3.039,1.733,2.226,4.902,1.025,1.022,4.389,2.492,4.418,2.773,3.239,1.579,4.481,3.004,1.502,4.939,3.100,3.088,1.123,1.910,3.456,2.966,3.084,3.797,1.379,2.612,3.158,3.635,3.649,3.650,2.778,1.647,1.932,1.826,2.440,2.417,4.682,3.192,3.229
1,4.819,1.807,4.154,4.907,2.079,3.636,2.908,3.368,3.773,4.156,4.519,4.920,3.142,2.727,4.827,2.523,2.297,3.579,1.308,3.176,4.729,2.496,4.656,4.224,3.299,1.346,4.899,1.831,1.945,4.179,4.758,2.726,3.365,3.757,1.038,4.721,4.202,3.463,3.576,4.156,4.927,4.341,1.536,1.469,2.987,3.613,2.601,4.260,1.670,1.517,2.069,1.332,4.501,2.274,2.634
1,4.542,2.460,1.727,2.386,1.188,4.198,3.257,1.647,2.725,3.532,4.434,3.903,2.339,2.732,2.200,1.993,1.283,1.319,3.450,1.833,3.392,1.027,2.295,1.431,3.353,4.469,3.145,4.531,3.172,4.346,2.935,1.124,4.716,2.489,4.872,4.646,2.371,4.973,4.925,4.046,4.496,2.540,4.615,3.915,1.017,3.328,1.017,3.835,3.349,2.683,3.221,4.743,1.766,3.429,4.047
1,3.860,4.044,2.522,4.230,4.603,2.391,1.107,1.316,3.201,3.815,1.042,4.183,4.474,1.313,2.671,4.755,2.758,2.771,2.603,3.576,3.761,3.188,4.477,3.962,2.532,3.910,3.847,3.101,4.450,4.121,3.947,3.222,2.109,1.235,3.466,2.043,3.777,1.735,2.908,3.888,1.028,2.154,3.150,3.786,3.942,3.573,1.124,4.051,4.475,4.667,4.327,4.019,3.650,3.710,2.831
1,4.854,4.913,2.937,2.587,1.482,2.347,4.759,1.295,1.388,3.744,2.692,1.941,2.685,3.084,2.365,4.062,2.723,3.111,3.527,1.114,2.764,3.871,2.801,2.933,2.491,4.384,4.359,2.581,1.410,1.001,2.569,4.818,3.289,4.129,3.375,2.138,1.431,3.656,4.625,3.215,4.015,4.137,2.806,3.742,1.380,4.245,3.006,1.499,2.081,2.205,1.496,3.554,1.366,3.336,2.670
1,2.813,1.612,2.876,1.407,2.416,4.017,3.370,3.855,2.283,3.912,1.584,3.159,2.612,2.181,1.065,4.622,1.283,3.163,3.856,2.701,3.822,2.950,4.366,4.143,2.437,1.249,1.447,4.637,4.914,3.350,3.270,3.031,1.002,3.400,3.978,4.455,2.494,4.459,4.127,3.513,4.190,4.916,4.662,2.622,1.349,2.298,1.161,4.373,2.044,3.700,1.647,2.326,2.614,2.697,4.482
