0.68,4,29,"[-0.04689600847430133, -0.06457762520903605, 0.0, 0.0]"
0.67,17,31,"[-0.1589353518522758, -0.1772375651394667, 0.0, 0.0]"
0.66,7,10,"[0.1787560692040776, -0.16834344175014643, 0.0, 0.0]"
0.66,7,20,"[0.14501380259876778, -0.13142231504886226, 0.0, 0.0]"
0.66,19,30,"[0.2153894517135012, -0.2644312281015032, 0.0, 0.0]"
0.65,12,30,"[0.2350779635143588, -0.2538366746715301, 0.0, 0.0]"
0.65,17,25,"[-0.14261109190095744, 0.12991227219677054, 0.0, 0.0]"
0.64,5,10,"[-0.11212984368347416, -0.12992521033144483, 0.0, 0.0]"
0.64,7,30,"[0.19361606844870297, -0.21762464185741687, 0.0, 0.0]"
0.64,10,12,"[-0.19361224231888735, 0.19367324303143352, 0.0, 0.0]"
0.64,12,14,"[0.1383983012877876, 0.10448950484774003, 0.0, 0.0]"
0.64,14,19,"[0.13605166468262522, 0.11347888027345293, 0.0, 0.0]"
0.63,0,14,"[-0.02435516553458985, 0.12175413436065016, 0.0, 0.0]"
0.63,2,14,"[-0.044453911939101066, 0.11954338124277006, 0.0, 0.0]"
0.63,3,30,"[0.10732044613088519, -0.2362218752158031, 0.0, 0.0]"
0.63,5,12,"[-0.1909933878511085, 0.1792946363963175, 0.0, 0.0]"
0.63,5,29,"[-0.11621093511366123, -0.07730534677508609, 0.0, 0.0]"
0.63,7,17,"[0.1850989526437832, -0.18321341123661458, 0.0, 0.0]"
0.63,7,26,"[0.12485743975886675, 0.02268393417339069, 0.0, 0.0]"
0.63,7,31,"[0.18529657165994287, -0.1844282817962143, 0.0, 0.0]"
0.63,10,19,"[-0.15317815329656614, 0.15588004687060644, 0.0, 0.0]"
0.63,30,31,"[-0.24203163876989853, -0.15300425442232785, 0.0, 0.0]"
0.62,5,7,"[-0.14464816109086023, 0.1433363655953563, 0.0, 0.0]"
0.62,7,15,"[0.1323346570426861, -0.05374832737759595, 0.0, 0.0]"
0.62,7,19,"[0.11376028742979459, 0.08063503267806618, 0.0, 0.0]"
0.62,7,25,"[0.12801068556425121, 0.06185876085978783, 0.0, 0.0]"
0.62,14,22,"[0.12903405000814122, -0.02431664457606948, 0.0, 0.0]"
0.62,14,25,"[0.1252131360019668, 0.06416231517572277, 0.0, 0.0]"
0.62,14,30,"[0.17631180257712986, -0.2100163525671593, 0.0, 0.0]"
0.62,22,30,"[0.06590010767989975, -0.2460335802546278, 0.0, 0.0]"
0.61,3,5,"[0.09927171521453484, -0.12170402516588909, 0.0, 0.0]"
0.61,3,10,"[0.11312042692408641, -0.12873599910644218, 0.0, 0.0]"
0.61,3,14,"[0.028980185449107413, 0.12539576088672488, 0.0, 0.0]"
0.61,5,17,"[-0.138334379877896, -0.15323040480088146, 0.0, 0.0]"
0.61,5,19,"[-0.167335757109459, 0.16043345190817995, 0.0, 0.0]"
0.61,5,23,"[-0.11244500292350312, -0.06097776087444628, 0.0, 0.0]"
0.61,6,7,"[-0.018801174947290594, 0.13018290492417228, 0.0, 0.0]"
0.61,7,24,"[0.13610695339618623, -0.06482836163933887, 0.0, 0.0]"
0.61,8,14,"[-0.02069004682598184, 0.12717421572248758, 0.0, 0.0]"
0.61,9,14,"[0.0, 0.12438413137928916, 0.0, 0.0]"
0.61,10,17,"[-0.13485808324614168, -0.13597337230870293, 0.0, 0.0]"
0.61,10,28,"[-0.119333577516021, 0.0747593577292907, 0.0, 0.0]"
0.61,10,30,"[-0.13773529431068043, -0.24469608620148678, 0.0, 0.0]"
0.61,12,29,"[0.13452653617489327, -0.127188190043054, 0.0, 0.0]"
0.61,13,14,"[0.006085625222994782, 0.12407950977128737, 0.0, 0.0]"
0.61,14,15,"[0.12400237580749261, -0.04376334613536501, 0.0, 0.0]"
0.61,14,21,"[0.1333933118819461, 0.08392979856141489, 0.0, 0.0]"
0.61,15,20,"[0.02061612229371438, -0.043484076043295496, 0.0, 0.0]"
0.61,15,30,"[0.029728061457575113, -0.24123004229526923, 0.0, 0.0]"
0.61,17,20,"[-0.13136313340788036, -0.042970843348411614, 0.0, 0.0]"
0.61,23,31,"[-0.06319924158267981, -0.1507901694661697, 0.0, 0.0]"
0.61,24,25,"[-0.0423791924365999, 0.05601524750700294, 0.0, 0.0]"
0.61,25,30,"[0.15380131734535069, -0.25743534135014245, 0.0, 0.0]"
0.61,28,31,"[0.09022775386891546, -0.14908828055789464, 0.0, 0.0]"
0.6,0,5,"[0.0018112086783556142, -0.11176678499280464, 0.0, 0.0]"
0.6,0,30,"[0.01688135781574884, -0.24028345039423596, 0.0, 0.0]"
0.6,0,32,"[0.009775074524305918, -0.06148289806444152, 0.0, 0.0]"
0.6,1,7,"[-0.04787184200380823, 0.13422880592255756, 0.0, 0.0]"
0.6,1,12,"[-0.06387851214011128, 0.16562350554739885, 0.0, 0.0]"
0.6,1,30,"[0.0, -0.2393626781886266, 0.0, 0.0]"
0.6,2,5,"[0.0, -0.11182803068690111, 0.0, 0.0]"
0.6,2,7,"[-0.05043311671952741, 0.1253741266196121, 0.0, 0.0]"
0.6,2,21,"[-0.060804870572292065, 0.07486373138024095, 0.0, 0.0]"
0.6,2,30,"[0.010793032556500326, -0.24021865355659675, 0.0, 0.0]"
0.6,5,11,"[-0.11183950975749053, 0.0, 0.0, 0.0]"
0.6,5,15,"[-0.11182207379669247, 0.0, 0.0, 0.0]"
0.6,5,16,"[-0.11184142741160485, 0.0, 0.0, 0.0]"
0.6,5,22,"[-0.11941445543917979, 0.05914897898492078, 0.0, 0.0]"
0.6,5,24,"[-0.11201160774667579, 0.007058364309763342, 0.0, 0.0]"
0.6,5,27,"[-0.11316044003749946, -0.04379861823787878, 0.0, 0.0]"
0.6,5,28,"[-0.10664615255040813, 0.08450656965697038, 0.0, 0.0]"
0.6,5,30,"[-0.09531592735414356, -0.23255066072567082, 0.0, 0.0]"
0.6,5,32,"[-0.11554814118892108, -0.06716230222086808, 0.0, 0.0]"
0.6,6,14,"[-0.011866680712465626, 0.12447723379788539, 0.0, 0.0]"
0.6,7,14,"[0.1104741665739864, 0.1087934070497511, 0.0, 0.0]"
0.6,8,30,"[0.03509507615994761, -0.23876525071075103, 0.0, 0.0]"
0.6,9,17,"[0.08970848048506935, -0.13980668639197488, 0.0, 0.0]"
0.6,9,24,"[0.02986253565049456, -0.025984074113103214, 0.0, 0.0]"
0.6,10,14,"[-0.15693368612124545, 0.152623731216374, 0.0, 0.0]"
0.6,11,30,"[-0.006102265047045835, -0.23951561091740112, 0.0, 0.0]"
0.6,12,17,"[0.1815585196990705, -0.19056466589207452, 0.0, 0.0]"
0.6,12,23,"[0.15408065793391193, -0.14801555385432344, 0.0, 0.0]"
0.6,12,26,"[0.1532615980996589, 0.036663262439142696, 0.0, 0.0]"
0.6,12,31,"[0.18470341558523495, -0.195461635729389, 0.0, 0.0]"
0.6,13,31,"[0.0933532008843554, -0.15121517859700362, 0.0, 0.0]"
0.6,14,23,"[0.1589941257132413, -0.15791731936152403, 0.0, 0.0]"
0.6,14,26,"[0.12903893365203425, 0.04713786919918842, 0.0, 0.0]"
0.6,14,32,"[0.12771744027028792, -0.12574214271780942, 0.0, 0.0]"
0.6,16,30,"[-0.005582129007521742, -0.2395130832050859, 0.0, 0.0]"
0.6,17,23,"[-0.1295662880527794, -0.05638155833204128, 0.0, 0.0]"
0.6,17,26,"[-0.12746968447403606, 0.09539491126258663, 0.0, 0.0]"
0.6,18,30,"[0.0, -0.23932826643973124, 0.0, 0.0]"
0.6,19,31,"[0.1620296501113853, -0.16727771887134485, 0.0, 0.0]"
0.6,21,27,"[0.09317596704937878, -0.0838460784241347, 0.0, 0.0]"
0.6,24,30,"[0.0, -0.2393339612426838, 0.0, 0.0]"
0.6,24,32,"[0.008340783953646676, -0.06146380026350761, 0.0, 0.0]"
0.6,26,30,"[0.12828483743224248, -0.2571498178682843, 0.0, 0.0]"
0.6,26,31,"[0.10322037621614216, -0.1523684526690001, 0.0, 0.0]"
0.6,29,31,"[-0.06335650545666921, -0.14697696294589183, 0.0, 0.0]"
0.59,1,5,"[0.008060982884899419, -0.1119008484553175, 0.0, 0.0]"
0.59,1,14,"[-0.02950497202161426, 0.12275874797576104, 0.0, 0.0]"
0.59,2,29,"[0.0055603381967568345, -0.07090429117378727, 0.0, 0.0]"
0.59,2,32,"[0.0, -0.06095229884692051, 0.0, 0.0]"
0.59,3,7,"[0.020861141084625837, 0.12799057837318015, 0.0, 0.0]"
0.59,4,12,"[-0.12801826552632126, 0.16309348415051217, 0.0, 0.0]"
0.59,4,15,"[-0.05426156801775362, 0.01666570341142241, 0.0, 0.0]"
0.59,4,27,"[-0.05989232241921557, -0.04869872088409849, 0.0, 0.0]"
0.59,4,30,"[-0.08296597707545053, -0.2506765186675092, 0.0, 0.0]"
0.59,5,6,"[-0.1112441295191444, 0.029063987769592903, 0.0, 0.0]"
0.59,5,9,"[-0.11806900371424803, 0.08315141739747882, 0.0, 0.0]"
0.59,5,14,"[-0.15645252964464573, 0.1428121140223934, 0.0, 0.0]"
0.59,5,18,"[-0.11526295671730795, -0.021734973358363368, 0.0, 0.0]"
0.59,5,20,"[-0.10943612008684846, -0.029825638756382472, 0.0, 0.0]"
0.59,5,31,"[-0.08991207457666596, -0.13421489596835623, 0.0, 0.0]"
0.59,7,12,"[0.11035030667025078, 0.1415122647338117, 0.0, 0.0]"
0.59,7,22,"[0.1328528086222237, -0.022210244652491197, 0.0, 0.0]"
0.59,10,13,"[-0.1313264046199678, 0.09334751858866609, 0.0, 0.0]"
0.59,10,25,"[-0.12219290306245484, 0.11594524880463221, 0.0, 0.0]"
0.59,10,26,"[-0.11943338557086823, 0.08641478025181304, 0.0, 0.0]"
0.59,11,14,"[-0.09747897850945497, 0.13459072977249723, 0.0, 0.0]"
0.59,11,20,"[-0.007048460742792871, -0.041172856992509325, 0.0, 0.0]"
0.59,11,32,"[0.0, -0.06094723426451342, 0.0, 0.0]"
0.59,12,13,"[0.15557064868348464, 0.0259830385191752, 0.0, 0.0]"
0.59,12,15,"[0.15498603619225948, -0.050765078920789006, 0.0, 0.0]"
0.59,12,18,"[0.15146131235338067, -0.06801675129211227, 0.0, 0.0]"
0.59,12,19,"[0.1420418953518524, 0.07691582920917817, 0.0, 0.0]"
0.59,12,21,"[0.1533857885385118, 0.07175446452494168, 0.0, 0.0]"
0.59,13,30,"[0.05763829614560421, -0.23155772789420198, 0.0, 0.0]"
0.59,14,28,"[0.123425915081556, 0.021862855093608063, 0.0, 0.0]"
0.59,14,31,"[0.19026652794204849, -0.20534288966371808, 0.0, 0.0]"
0.59,15,32,"[0.0019790242100554997, -0.060698043811379505, 0.0, 0.0]"
0.59,16,25,"[-0.05900535352272159, 0.06785447521392947, 0.0, 0.0]"
0.59,16,32,"[0.0, -0.06096063133265731, 0.0, 0.0]"
0.59,17,21,"[-0.1288503687244376, 0.12080880660981518, 0.0, 0.0]"
0.59,17,30,"[-0.1225683582829111, -0.23474387920178766, 0.0, 0.0]"
0.59,17,32,"[-0.13831400064490515, -0.0752616858045005, 0.0, 0.0]"
0.59,20,30,"[-0.019057298455478287, -0.2377973512184326, 0.0, 0.0]"
0.59,21,25,"[0.07738846209714337, 0.06904187589189077, 0.0, 0.0]"
0.59,21,31,"[0.1364073941622795, -0.14875342794980329, 0.0, 0.0]"
0.59,27,30,"[-0.022379031659122084, -0.23767830960959474, 0.0, 0.0]"
0.59,28,30,"[0.080872654534549, -0.23562663188476057, 0.0, 0.0]"
0.59,29,30,"[-0.06462286781586074, -0.23765755968919003, 0.0, 0.0]"
0.59,30,32,"[-0.2524948023847804, -0.09161464344293449, 0.0, 0.0]"
0.58,0,17,"[0.023091852377215505, -0.13341498285465536, 0.0, 0.0]"
0.58,0,22,"[-0.007771109936944175, 0.00762863411317601, 0.0, 0.0]"
0.58,1,32,"[0.007219423573799826, -0.06094094128063781, 0.0, 0.0]"
0.58,2,8,"[-0.015927603282907023, 0.014579290781316081, 0.0, 0.0]"
0.58,2,17,"[0.012233463974897421, -0.13215266826788108, 0.0, 0.0]"
0.58,2,26,"[-0.044283154487090026, 0.051722783773066036, 0.0, 0.0]"
0.58,3,17,"[0.10360711831558797, -0.12564641569647875, 0.0, 0.0]"
0.58,3,21,"[0.024074716759451248, 0.07143850775395277, 0.0, 0.0]"
0.58,4,5,"[-0.06053667680898968, -0.1155941430018406, 0.0, 0.0]"
0.58,4,6,"[-0.053417642503595375, 0.03133545778586339, 0.0, 0.0]"
0.58,4,14,"[-0.1295953497855911, 0.1377655799442825, 0.0, 0.0]"
0.58,4,19,"[-0.11691908669638557, 0.11790212500965813, 0.0, 0.0]"
0.58,4,21,"[-0.08339791304453081, 0.08339130283629552, 0.0, 0.0]"
0.58,6,25,"[-0.016178965706457202, 0.06394672841943848, 0.0, 0.0]"
0.58,6,30,"[0.014098042765712427, -0.23808900468411479, 0.0, 0.0]"
0.58,7,13,"[0.12817173866472295, 0.006919091818083191, 0.0, 0.0]"
0.58,7,16,"[0.1177615435168895, -0.05148132971343443, 0.0, 0.0]"
0.58,7,23,"[0.14969666079705232, -0.1353041930466183, 0.0, 0.0]"
0.58,9,29,"[0.07364595791556384, -0.08541335374750406, 0.0, 0.0]"
0.58,9,30,"[0.047764431520492, -0.23391106246043353, 0.0, 0.0]"
0.58,10,27,"[-0.12717783313815392, -0.029366020125149724, 0.0, 0.0]"
0.58,10,32,"[-0.12557822101866964, -0.05182885096623092, 0.0, 0.0]"
0.58,11,17,"[0.0, -0.1305884290357288, 0.0, 0.0]"
0.58,12,16,"[0.14849805581766898, -0.059271336403495654, 0.0, 0.0]"
0.58,12,28,"[0.16096884464723085, 0.04879075677480712, 0.0, 0.0]"
0.58,12,32,"[0.13922832944460176, -0.11345844269751341, 0.0, 0.0]"
0.58,13,16,"[0.05340036949300764, -0.050585454017925566, 0.0, 0.0]"
0.58,13,32,"[0.09450149728962415, -0.09857022451116249, 0.0, 0.0]"
0.58,14,16,"[0.12168811986855012, -0.06596986843090723, 0.0, 0.0]"
0.58,14,17,"[0.16293139566585768, -0.17575173877435804, 0.0, 0.0]"
0.58,14,24,"[0.12513243801402207, -0.053885852177445, 0.0, 0.0]"
0.58,15,17,"[0.00033821600309859074, -0.13058526197798154, 0.0, 0.0]"
0.58,16,17,"[0.0, -0.13059074276183438, 0.0, 0.0]"
0.58,17,18,"[-0.13058683368259577, 0.0, 0.0, 0.0]"
0.58,18,19,"[-0.0754358404093995, 0.10216211468135622, 0.0, 0.0]"
0.58,19,25,"[0.09803326219705435, 0.061435834392629396, 0.0, 0.0]"
0.58,19,26,"[0.09657141123099097, 0.03074217347857604, 0.0, 0.0]"
0.58,19,29,"[0.1160318904523229, -0.11413686829667788, 0.0, 0.0]"
0.58,20,23,"[-0.03967775018146494, -0.05917294680014096, 0.0, 0.0]"
0.58,20,31,"[-0.05528877791137993, -0.15436751599123755, 0.0, 0.0]"
0.58,21,23,"[0.10787217189264871, -0.10236798463501412, 0.0, 0.0]"
0.58,21,28,"[0.07175102815923962, 0.027314281885936757, 0.0, 0.0]"
0.58,21,29,"[0.11146933353786026, -0.11180578029961115, 0.0, 0.0]"
0.58,21,30,"[0.11699931303862036, -0.22777785144903254, 0.0, 0.0]"
0.58,22,23,"[0.05782466591686841, -0.0730053519389682, 0.0, 0.0]"
0.58,22,29,"[0.03588375181252411, -0.06333934332639504, 0.0, 0.0]"
0.58,23,30,"[-0.0659490513686289, -0.24100690130943425, 0.0, 0.0]"
0.58,23,32,"[-0.05430157994693209, -0.05715747408748714, 0.0, 0.0]"
0.58,24,27,"[0.004812996608989614, -0.04013886856540071, 0.0, 0.0]"
0.57,0,10,"[0.0, -0.1294788342869563, 0.0, 0.0]"
0.57,0,29,"[0.016488297931459756, -0.07259695775338693, 0.0, 0.0]"
0.57,1,10,"[0.0, -0.12946132013805414, 0.0, 0.0]"
0.57,1,17,"[0.0129768737861242, -0.13114638918806162, 0.0, 0.0]"
0.57,1,21,"[-0.02785045345177593, 0.06849816495814295, 0.0, 0.0]"
0.57,1,28,"[-0.02706617321931391, 0.034761047292395895, 0.0, 0.0]"
0.57,1,29,"[0.00023934668956666783, -0.06988339170099105, 0.0, 0.0]"
0.57,2,10,"[0.0, -0.12945092239719658, 0.0, 0.0]"
0.57,2,20,"[0.0, -0.04009484491628943, 0.0, 0.0]"
0.57,2,27,"[0.0, -0.04006975040008169, 0.0, 0.0]"
0.57,3,18,"[0.0463298228231335, -0.04578788357642733, 0.0, 0.0]"
0.57,3,19,"[0.03183041031468672, 0.10128857181988325, 0.0, 0.0]"
0.57,3,20,"[0.07908211078499894, -0.08579848261803323, 0.0, 0.0]"
0.57,3,31,"[0.1368464763610706, -0.16534375799699172, 0.0, 0.0]"
0.57,3,32,"[0.08454756501494168, -0.09281964090871, 0.0, 0.0]"
0.57,4,20,"[-0.0572254903044535, -0.045763577567124486, 0.0, 0.0]"
0.57,4,31,"[-0.06474152074412155, -0.15462345581371065, 0.0, 0.0]"
0.57,5,8,"[-0.10991447898207797, 0.03301629935284988, 0.0, 0.0]"
0.57,6,17,"[0.03670453101539616, -0.1322167208216356, 0.0, 0.0]"
0.57,7,8,"[0.12849833336860184, -0.0012906072863602346, 0.0, 0.0]"
0.57,7,9,"[0.12855362083075403, 0.0, 0.0, 0.0]"
0.57,7,29,"[0.14434452463214342, -0.13698051777405182, 0.0, 0.0]"
0.57,8,31,"[0.06993327911032209, -0.16292360139034143, 0.0, 0.0]"
0.57,9,31,"[0.0494458262165307, -0.14159246378112958, 0.0, 0.0]"
0.57,10,11,"[-0.1302473168078226, 0.004314614924587908, 0.0, 0.0]"
0.57,10,15,"[-0.1318549525338582, 0.027399942448486654, 0.0, 0.0]"
0.57,10,16,"[-0.12946130866559497, 0.0, 0.0, 0.0]"
0.57,10,18,"[-0.12944537024248884, -0.0005532357049617861, 0.0, 0.0]"
0.57,10,23,"[-0.1241848210833426, -0.022225765567161587, 0.0, 0.0]"
0.57,10,24,"[-0.13034220244282338, 0.013294746299824427, 0.0, 0.0]"
0.57,11,27,"[0.0, -0.04006852022775184, 0.0, 0.0]"
0.57,11,29,"[0.0, -0.06989479037466338, 0.0, 0.0]"
0.57,13,20,"[0.05862129653861377, -0.061815613855187204, 0.0, 0.0]"
0.57,14,18,"[0.11782642455120783, -0.06054013663636924, 0.0, 0.0]"
0.57,16,20,"[0.0, -0.0400832113901793, 0.0, 0.0]"
0.57,16,21,"[-0.055199394519006385, 0.06737691239635638, 0.0, 0.0]"
0.57,16,27,"[0.0, -0.04006974624490577, 0.0, 0.0]"
0.57,16,29,"[0.0, -0.0699089192807395, 0.0, 0.0]"
0.57,17,24,"[-0.13097757161989226, 0.009728529113393778, 0.0, 0.0]"
0.57,18,20,"[-0.0019572021543546175, -0.04001373890125364, 0.0, 0.0]"
0.57,18,27,"[-0.0033442258875687253, -0.040064692640862355, 0.0, 0.0]"
0.57,18,29,"[-0.00035660896145169724, -0.06989235086304188, 0.0, 0.0]"
0.57,19,21,"[0.10308824125014994, 0.07600079695877136, 0.0, 0.0]"
0.57,19,23,"[0.13529072994197344, -0.12692709855306658, 0.0, 0.0]"
0.57,19,28,"[0.10587531949881801, 0.04133860679221133, 0.0, 0.0]"
0.57,19,32,"[0.09863284668512134, -0.09189629249374776, 0.0, 0.0]"
0.57,22,31,"[0.03614034202395869, -0.147128525818836, 0.0, 0.0]"
0.57,23,25,"[-0.08160561895960909, 0.08327795411018905, 0.0, 0.0]"
0.57,25,31,"[0.12253226715634241, -0.144202523199906, 0.0, 0.0]"
0.57,25,32,"[0.08927476059581337, -0.08873148303156948, 0.0, 0.0]"
0.57,29,32,"[-0.0625293644667603, -0.05369196959378012, 0.0, 0.0]"
0.56,0,4,"[0.015528498252303551, -0.0559188238537003, 0.0, 0.0]"
0.56,0,19,"[-0.03987771376575682, 0.10104818190514643, 0.0, 0.0]"
0.56,1,20,"[0.012115189001135278, -0.04167821031407766, 0.0, 0.0]"
0.56,1,25,"[-0.04094679427773148, 0.06571485659584755, 0.0, 0.0]"
0.56,2,3,"[-0.04280118234822367, 0.045185844614469964, 0.0, 0.0]"
0.56,2,25,"[-0.05189077575847546, 0.06202583977042171, 0.0, 0.0]"
0.56,3,25,"[0.015398516594481727, 0.06086671420121778, 0.0, 0.0]"
0.56,3,26,"[0.022689367637180144, 0.03599105203144831, 0.0, 0.0]"
0.56,4,7,"[-0.1301875666266492, 0.14413437805334567, 0.0, 0.0]"
0.56,5,21,"[-0.1163901776998426, 0.10746793008275037, 0.0, 0.0]"
0.56,5,26,"[-0.11371361864415977, 0.09887824667996722, 0.0, 0.0]"
0.56,6,10,"[0.03662172001758344, -0.13112640789063576, 0.0, 0.0]"
0.56,6,31,"[0.007203345355981154, -0.14825827398448224, 0.0, 0.0]"
0.56,7,11,"[0.13491858177444102, -0.0908570811305446, 0.0, 0.0]"
0.56,8,10,"[0.05932388387450182, -0.13795442054779655, 0.0, 0.0]"
0.56,8,11,"[0.023931118404649333, -0.026373305507613673, 0.0, 0.0]"
0.56,8,24,"[0.009963294596212448, -0.009840594951629164, 0.0, 0.0]"
0.56,8,25,"[0.0, 0.06263604751359014, 0.0, 0.0]"
0.56,8,29,"[0.049575398587408795, -0.07727023932655959, 0.0, 0.0]"
0.56,9,11,"[0.04351722556138539, -0.04316473481998616, 0.0, 0.0]"
0.56,9,27,"[0.051873330084660156, -0.055563586536161856, 0.0, 0.0]"
0.56,10,21,"[-0.13661924287131869, 0.1357608902887266, 0.0, 0.0]"
0.56,11,12,"[-0.08630058692956744, 0.15508369770039857, 0.0, 0.0]"
0.56,11,19,"[-0.08205967095673763, 0.09816032936446559, 0.0, 0.0]"
0.56,11,28,"[-0.04675940765053672, 0.05355609224093465, 0.0, 0.0]"
0.56,12,24,"[0.15797588949282687, -0.06297776432650276, 0.0, 0.0]"
0.56,13,21,"[0.024835096978717067, 0.07494114194649862, 0.0, 0.0]"
0.56,14,29,"[0.13242311789739064, -0.1368657887055199, 0.0, 0.0]"
0.56,15,27,"[0.02004897086416521, -0.0429280364487678, 0.0, 0.0]"
0.56,15,29,"[0.014000580781896897, -0.0701374805365713, 0.0, 0.0]"
0.56,17,27,"[-0.1291215361723152, -0.033358050703540296, 0.0, 0.0]"
0.56,17,28,"[-0.129904778581658, 0.0898377822249245, 0.0, 0.0]"
0.56,17,29,"[-0.12382357048565473, -0.04940587244612432, 0.0, 0.0]"
0.56,18,32,"[-0.010820375617903036, -0.06220534621553605, 0.0, 0.0]"
0.56,22,25,"[-0.000627307919244875, 0.06261073859167329, 0.0, 0.0]"
0.56,23,27,"[-0.06243106206459364, -0.04368173140276879, 0.0, 0.0]"
0.56,23,29,"[-0.06995985813851825, -0.0784506087196747, 0.0, 0.0]"
0.56,25,26,"[0.06878755799385741, 0.04589707101459112, 0.0, 0.0]"
0.56,25,28,"[0.06418402156018728, 0.030091371590520184, 0.0, 0.0]"
0.56,25,29,"[0.09129902907338595, -0.09516180319770938, 0.0, 0.0]"
0.56,26,27,"[0.0832671703403748, -0.07990838706686616, 0.0, 0.0]"
0.56,26,28,"[0.03695305293034877, 0.026871515234528985, 0.0, 0.0]"
0.55,0,7,"[-0.03267920562812562, 0.1275395492431159, 0.0, 0.0]"
0.55,0,8,"[-0.005948279408815447, 0.006141763519008672, 0.0, 0.0]"
0.55,0,12,"[-0.0031590587811421217, 0.15256583286802755, 0.0, 0.0]"
0.55,0,20,"[0.00953961683198295, -0.040969289372513415, 0.0, 0.0]"
0.55,0,27,"[0.007142146381137715, -0.04020626564841308, 0.0, 0.0]"
0.55,1,4,"[0.005385953816623459, -0.05313142807506597, 0.0, 0.0]"
0.55,1,27,"[0.009472813837558077, -0.0405953268339031, 0.0, 0.0]"
0.55,2,4,"[0.0, -0.05331914579649742, 0.0, 0.0]"
0.55,3,11,"[0.048082693174927346, -0.04671772213265873, 0.0, 0.0]"
0.55,3,12,"[0.02967299271802569, 0.15436135939642348, 0.0, 0.0]"
0.55,4,11,"[-0.0533077545073796, 0.0, 0.0, 0.0]"
0.55,4,16,"[-0.05330623628174321, 0.0, 0.0, 0.0]"
0.55,4,18,"[-0.053312006535520394, 0.0, 0.0, 0.0]"
0.55,4,25,"[-0.09625522357221114, 0.091843143077522, 0.0, 0.0]"
0.55,6,12,"[-0.0010128784700161075, 0.15325903001155944, 0.0, 0.0]"
0.55,6,13,"[-0.006516486618388942, 0.016335672342593692, 0.0, 0.0]"
0.55,6,29,"[0.02011274831193304, -0.06570815798962958, 0.0, 0.0]"
0.55,6,32,"[0.032156568139868946, -0.06147329803152492, 0.0, 0.0]"
0.55,7,21,"[0.12599181533759476, 0.06813362117361517, 0.0, 0.0]"
0.55,8,12,"[-0.0190962721271919, 0.1552129225572801, 0.0, 0.0]"
0.55,8,17,"[0.027756343465140818, -0.12817353678731067, 0.0, 0.0]"
0.55,9,12,"[0.0, 0.15335387712115203, 0.0, 0.0]"
0.55,9,20,"[0.0637983577839589, -0.06982280781383092, 0.0, 0.0]"
0.55,9,25,"[0.004651312810352872, 0.06304641155389563, 0.0, 0.0]"
0.55,9,32,"[0.056950380932867084, -0.06526051909639581, 0.0, 0.0]"
0.55,10,20,"[-0.12869128232701024, -0.036945132400361215, 0.0, 0.0]"
0.55,10,29,"[-0.12675173214080548, -0.06373851224280154, 0.0, 0.0]"
0.55,10,31,"[-0.11215004959821358, -0.13465929842738025, 0.0, 0.0]"
0.55,11,15,"[-0.01082518301032871, 0.0028959390257742384, 0.0, 0.0]"
0.55,12,20,"[0.1525507648180058, -0.11893654602275516, 0.0, 0.0]"
0.55,12,22,"[0.1533789574065139, -0.00524588578936542, 0.0, 0.0]"
0.55,12,27,"[0.15716303069130927, -0.12180409665421518, 0.0, 0.0]"
0.55,13,19,"[0.021094395408331804, 0.1008780781701725, 0.0, 0.0]"
0.55,13,24,"[0.03439279725839993, -0.027967373430735007, 0.0, 0.0]"
0.55,13,25,"[0.0058557973723739705, 0.062106730930041876, 0.0, 0.0]"
0.55,14,27,"[0.1260087472932235, -0.11843067213894234, 0.0, 0.0]"
0.55,15,19,"[-0.057065748892802366, 0.10507625291035975, 0.0, 0.0]"
0.55,15,31,"[0.015064454624853396, -0.1497084430109675, 0.0, 0.0]"
0.55,16,19,"[-0.06691335821538134, 0.0960660033371372, 0.0, 0.0]"
0.55,16,22,"[-0.022640616601163073, 0.018310770425689477, 0.0, 0.0]"
0.55,17,22,"[-0.13060256990296162, 0.04514339774139218, 0.0, 0.0]"
0.55,18,21,"[-0.07526812617126902, 0.08682483248681523, 0.0, 0.0]"
0.55,18,22,"[-0.026644487389438604, 0.02148057791747558, 0.0, 0.0]"
0.55,20,24,"[-0.041489112047826376, 0.009651611343361871, 0.0, 0.0]"
0.55,20,25,"[-0.08483902007199833, 0.08687821471713543, 0.0, 0.0]"
0.55,24,26,"[-0.03660119814366771, 0.04706841829792236, 0.0, 0.0]"
0.55,24,29,"[0.0047547982688235044, -0.06995295454489042, 0.0, 0.0]"
0.55,28,29,"[0.0761468779381401, -0.08058292677126606, 0.0, 0.0]"
0.55,28,32,"[0.07656985689018284, -0.07727297476885649, 0.0, 0.0]"
0.55,31,32,"[-0.15675327949250648, -0.07495079440585047, 0.0, 0.0]"
0.54,0,21,"[-0.03241522725666622, 0.06998729147910043, 0.0, 0.0]"
0.54,0,28,"[-0.025359853910606422, 0.03356292468782277, 0.0, 0.0]"
0.54,0,31,"[0.0, -0.14953644973136665, 0.0, 0.0]"
0.54,1,31,"[0.0, -0.14953222577164996, 0.0, 0.0]"
0.54,2,12,"[-0.04444591082435594, 0.14943459502390818, 0.0, 0.0]"
0.54,2,31,"[0.0018342216124733013, -0.14965123163552452, 0.0, 0.0]"
0.54,3,8,"[0.024092480212376245, -0.0013631989451727067, 0.0, 0.0]"
0.54,3,22,"[0.024114340830527096, -0.0014444442720357934, 0.0, 0.0]"
0.54,3,23,"[0.08284643119816675, -0.09015019653288453, 0.0, 0.0]"
0.54,4,10,"[-0.06941242313451168, -0.1375887563556193, 0.0, 0.0]"
0.54,4,13,"[-0.0745009800389319, 0.06572291343383058, 0.0, 0.0]"
0.54,4,22,"[-0.05566527944191321, 0.038877160066197514, 0.0, 0.0]"
0.54,4,23,"[-0.05051481403737616, -0.05631252143840631, 0.0, 0.0]"
0.54,4,24,"[-0.053260103603296534, 0.002998534852073676, 0.0, 0.0]"
0.54,4,32,"[-0.05098282521640829, -0.058996755133456966, 0.0, 0.0]"
0.54,5,13,"[-0.10896946278235747, 0.08622996478456467, 0.0, 0.0]"
0.54,6,19,"[-0.014827300185523995, 0.09970912476107731, 0.0, 0.0]"
0.54,6,21,"[-0.018793431817774375, 0.07356886231059519, 0.0, 0.0]"
0.54,7,28,"[0.12708979630281225, 0.019537391062764975, 0.0, 0.0]"
0.54,8,19,"[0.0, 0.0989993610286926, 0.0, 0.0]"
0.54,8,32,"[0.03549270828724627, -0.0586676714106202, 0.0, 0.0]"
0.54,9,10,"[0.0738930202415371, -0.12968096025415438, 0.0, 0.0]"
0.54,9,19,"[0.0, 0.09900619639834135, 0.0, 0.0]"
0.54,9,26,"[0.0, 0.03680419822643348, 0.0, 0.0]"
0.54,9,28,"[0.005797560285940921, 0.028055709724230507, 0.0, 0.0]"
0.54,10,22,"[-0.12736634018143506, 0.0388547809378077, 0.0, 0.0]"
0.54,11,25,"[-0.06204873586073342, 0.0713818022743161, 0.0, 0.0]"
0.54,11,31,"[0.0, -0.1495345842684592, 0.0, 0.0]"
0.54,13,15,"[0.02746262015861595, -0.02241038425948837, 0.0, 0.0]"
0.54,13,17,"[0.06970578158964377, -0.12078635610063058, 0.0, 0.0]"
0.54,14,20,"[0.12842463014580424, -0.12439105971719083, 0.0, 0.0]"
0.54,15,21,"[-0.04311361973956135, 0.0706182959263374, 0.0, 0.0]"
0.54,15,28,"[-0.025561624052051403, 0.03377869004943895, 0.0, 0.0]"
0.54,16,28,"[-0.041233590043826575, 0.04752020641265362, 0.0, 0.0]"
0.54,16,31,"[-0.002678546606624011, -0.14963638564460385, 0.0, 0.0]"
0.54,18,28,"[-0.0390720667104439, 0.04465241406082647, 0.0, 0.0]"
0.54,18,31,"[0.0, -0.14955488155862498, 0.0, 0.0]"
0.54,19,22,"[0.09898306138040855, -0.00038704640644266695, 0.0, 0.0]"
0.54,19,24,"[0.09571442672086493, -0.0461788768660687, 0.0, 0.0]"
0.54,19,27,"[0.1107331651145008, -0.09843189127311809, 0.0, 0.0]"
0.54,20,22,"[-0.04879530733407826, 0.03721699723055813, 0.0, 0.0]"
0.54,20,26,"[-0.06331250592155957, 0.06341213661332762, 0.0, 0.0]"
0.54,21,24,"[0.07707932629148599, -0.06005902660107584, 0.0, 0.0]"
0.54,21,32,"[0.10189560034665722, -0.09727761552668046, 0.0, 0.0]"
0.54,22,26,"[0.0, 0.036813648086635904, 0.0, 0.0]"
0.54,22,32,"[0.046646568081227545, -0.06211062152980571, 0.0, 0.0]"
0.54,24,31,"[0.0, -0.1495597963704328, 0.0, 0.0]"
0.54,25,27,"[0.09396329849825272, -0.08830236987288577, 0.0, 0.0]"
0.54,26,29,"[0.07854392408508673, -0.08427120873180792, 0.0, 0.0]"
0.54,27,28,"[-0.06466356944955863, 0.06828649457886987, 0.0, 0.0]"
0.54,27,31,"[-0.03300338780226548, -0.14813903520242622, 0.0, 0.0]"
0.53,0,3,"[-0.02929775272110512, 0.03313829664847146, 0.0, 0.0]"
0.53,0,13,"[-0.021884077357194817, 0.026912429208552618, 0.0, 0.0]"
0.53,2,19,"[-0.04406617965811314, 0.0922723838541798, 0.0, 0.0]"
0.53,2,22,"[-0.017375159431188388, 0.014868058981237081, 0.0, 0.0]"
0.53,3,4,"[0.08114374978427262, -0.09416375893371944, 0.0, 0.0]"
0.53,3,9,"[0.024378857108381665, 0.0, 0.0, 0.0]"
0.53,4,9,"[-0.06695213084118835, 0.055514751174738086, 0.0, 0.0]"
0.53,4,28,"[-0.07592510230055535, 0.07120490408102785, 0.0, 0.0]"
0.53,5,25,"[-0.11115681036182798, 0.09842091597418362, 0.0, 0.0]"
0.53,6,23,"[0.028858565926815228, -0.057873968891563286, 0.0, 0.0]"
0.53,6,28,"[-0.013770662607022057, 0.028068896657415816, 0.0, 0.0]"
0.53,7,18,"[0.119821957374919, -0.05845847563330053, 0.0, 0.0]"
0.53,9,18,"[0.04084211741126041, -0.04135842178288911, 0.0, 0.0]"
0.53,11,21,"[-0.0634993466158024, 0.07615879920245751, 0.0, 0.0]"
0.53,11,26,"[-0.045238820810903274, 0.05180995612856303, 0.0, 0.0]"
0.53,12,25,"[0.1497049819126353, 0.05439632507730973, 0.0, 0.0]"
0.53,13,18,"[0.04276820074140129, -0.040709460066196405, 0.0, 0.0]"
0.53,13,23,"[0.060098239588071346, -0.06418145177855346, 0.0, 0.0]"
0.53,15,18,"[0.004852801177049633, -0.012960612011021989, 0.0, 0.0]"
0.53,15,22,"[-0.007595177371207411, 0.007709795338212492, 0.0, 0.0]"
0.53,15,23,"[0.021122800154660473, -0.06223057261929193, 0.0, 0.0]"
0.53,15,26,"[-0.03200271386033677, 0.04022464842597283, 0.0, 0.0]"
0.53,16,23,"[-0.008321287029780427, -0.06107131379423129, 0.0, 0.0]"
0.53,16,26,"[-0.04536407890139312, 0.05164393460438826, 0.0, 0.0]"
0.53,17,19,"[-0.14395103531299, 0.13860269608684772, 0.0, 0.0]"
0.53,18,23,"[-0.007401404250206895, -0.060072966837771094, 0.0, 0.0]"
0.53,19,20,"[0.11241621913987328, -0.10431098758725767, 0.0, 0.0]"
0.53,20,21,"[-0.09006899112146867, 0.09582219926076463, 0.0, 0.0]"
0.53,20,28,"[-0.05777313377707242, 0.0583133906771208, 0.0, 0.0]"
0.53,21,26,"[0.06759845525178279, 0.02762054573872564, 0.0, 0.0]"
0.53,22,24,"[0.011563971937226462, -0.012045553897181453, 0.0, 0.0]"
0.53,23,26,"[-0.08041351707802714, 0.07979657136909088, 0.0, 0.0]"
0.53,23,28,"[-0.08282227829816488, 0.08372770102875884, 0.0, 0.0]"
0.53,26,32,"[0.07811612322599064, -0.07986118171449987, 0.0, 0.0]"
0.53,27,32,"[-0.03782536695059312, -0.059687615196142525, 0.0, 0.0]"
0.52,0,25,"[-0.03223781228829645, 0.060863445453307206, 0.0, 0.0]"
0.52,1,8,"[-0.005460166713669746, 0.005721876760217162, 0.0, 0.0]"
0.52,1,19,"[-0.057002295422454184, 0.11168825014349051, 0.0, 0.0]"
0.52,1,23,"[0.007994278977258894, -0.059582514997022835, 0.0, 0.0]"
0.52,2,9,"[-0.033407805847942236, 0.034817371614247625, 0.0, 0.0]"
0.52,3,13,"[0.023138267379114636, 0.009904463628309353, 0.0, 0.0]"
0.52,3,24,"[0.03749400349946534, -0.03190876564936323, 0.0, 0.0]"
0.52,3,27,"[0.07160896965474076, -0.0747218600067503, 0.0, 0.0]"
0.52,3,29,"[0.07635171603046331, -0.08861549215134798, 0.0, 0.0]"
0.52,4,17,"[-0.033159512437868716, -0.1254842048265737, 0.0, 0.0]"
0.52,6,16,"[0.012215692715808808, -0.016549628302004394, 0.0, 0.0]"
0.52,6,26,"[-0.01028086155329761, 0.036568049603402646, 0.0, 0.0]"
0.52,7,27,"[0.12383564858240614, -0.10613348165202113, 0.0, 0.0]"
0.52,7,32,"[0.11737538415833096, -0.1052458116059626, 0.0, 0.0]"
0.52,8,20,"[0.03556406827474539, -0.043476187343869606, 0.0, 0.0]"
0.52,8,21,"[-0.009878887496144012, 0.07207536916966019, 0.0, 0.0]"
0.52,8,26,"[-0.0047753589278301855, 0.036716375689593246, 0.0, 0.0]"
0.52,8,28,"[-0.004923222741552632, 0.026547333403418326, 0.0, 0.0]"
0.52,9,13,"[0.0, 0.012626125381128544, 0.0, 0.0]"
0.52,9,15,"[0.02303577465703753, -0.020247358262214098, 0.0, 0.0]"
0.52,9,21,"[0.0, 0.07149445047437473, 0.0, 0.0]"
0.52,13,26,"[0.009330170700846437, 0.036117543224696035, 0.0, 0.0]"
0.52,13,28,"[0.011794548558725616, 0.026341592930017182, 0.0, 0.0]"
0.52,18,25,"[-0.06574239409814653, 0.07386666720573684, 0.0, 0.0]"
0.52,18,26,"[-0.042814053738321874, 0.04853305797602454, 0.0, 0.0]"
0.52,20,27,"[-0.03961364920516908, -0.03963055845862836, 0.0, 0.0]"
0.52,21,22,"[0.07149968626986616, 0.0, 0.0, 0.0]"
0.52,22,27,"[0.032884771314789805, -0.042506293374983295, 0.0, 0.0]"
0.52,27,29,"[-0.04344546859159662, -0.07208429704900703, 0.0, 0.0]"
0.51,0,6,"[-0.003562834773725738, 0.002764628635870182, 0.0, 0.0]"
0.51,0,23,"[0.0, -0.059456494604204775, 0.0, 0.0]"
0.51,0,26,"[-0.034911705390663454, 0.042931903048759934, 0.0, 0.0]"
0.51,1,26,"[-0.03676850119169582, 0.04403503972297302, 0.0, 0.0]"
0.51,2,6,"[-0.009621846344635624, 0.006787129755144611, 0.0, 0.0]"
0.51,2,23,"[0.0, -0.0594541715713387, 0.0, 0.0]"
0.51,4,8,"[-0.04895914216431523, 0.03284030320270015, 0.0, 0.0]"
0.51,4,26,"[-0.08667678749998595, 0.08066174760738792, 0.0, 0.0]"
0.51,6,11,"[0.017566171255956997, -0.021686587365604765, 0.0, 0.0]"
0.51,6,20,"[0.028868502354220876, -0.0386474372521335, 0.0, 0.0]"
0.51,6,27,"[0.03158754513919096, -0.04040799191773173, 0.0, 0.0]"
0.51,8,13,"[-0.0042598628712602156, 0.014778512096485596, 0.0, 0.0]"
0.51,8,23,"[0.044433794331101714, -0.06378480448668598, 0.0, 0.0]"
0.51,8,27,"[0.0341058595032748, -0.040511846090606846, 0.0, 0.0]"
0.51,9,16,"[0.03795269426796265, -0.03786496791270799, 0.0, 0.0]"
0.51,11,22,"[-0.03403571315566488, 0.02919572535082884, 0.0, 0.0]"
0.51,11,23,"[0.0, -0.0594523974079557, 0.0, 0.0]"
0.51,13,27,"[0.06101872952572453, -0.061617708126452723, 0.0, 0.0]"
0.51,15,25,"[-0.0457595381219654, 0.06305376556212118, 0.0, 0.0]"
0.51,20,29,"[-0.035626754051764124, -0.06759825247091987, 0.0, 0.0]"
0.51,20,32,"[-0.040833781587184016, -0.06137161440957835, 0.0, 0.0]"
0.51,22,28,"[-0.005675487570423397, 0.026897564410725664, 0.0, 0.0]"
0.51,23,24,"[-0.059470448269675125, 0.0, 0.0, 0.0]"
0.5,0,1,"[-0.0013250290700182786, -0.0002875740720833188, 0.0, 0.0]"
0.5,0,2,"[0.0, -0.005168201817909841, 0.0, 0.0]"
0.5,0,11,"[0.00039256398483934946, -0.009011083760928278, 0.0, 0.0]"
0.5,0,15,"[-0.0015219667182351908, 0.0, 0.0, 0.0]"
0.5,0,16,"[0.0, -0.008164555269064991, 0.0, 0.0]"
0.5,0,24,"[0.0, -0.0029943501223844786, 0.0, 0.0]"
0.5,1,2,"[0.0, -0.005168519582645452, 0.0, 0.0]"
0.5,1,3,"[-0.035649846541975075, 0.0381861358038142, 0.0, 0.0]"
0.5,1,11,"[0.0, -0.00873662737662109, 0.0, 0.0]"
0.5,1,15,"[-0.0012363648325669123, 0.0, 0.0, 0.0]"
0.5,1,16,"[0.0, -0.008164555269064991, 0.0, 0.0]"
0.5,1,18,"[0.0008839500981630596, -0.009910460826519672, 0.0, 0.0]"
0.5,1,24,"[0.0, -0.0029943501223844786, 0.0, 0.0]"
0.5,2,11,"[0.0, -0.00873662737662109, 0.0, 0.0]"
0.5,2,15,"[-0.0051685281433486085, 0.0, 0.0, 0.0]"
0.5,2,16,"[0.0, -0.00816418848282204, 0.0, 0.0]"
0.5,2,18,"[0.0, -0.009323943197792384, 0.0, 0.0]"
0.5,2,24,"[-0.0051684669409660915, 0.0, 0.0, 0.0]"
0.5,2,28,"[-0.03310093517360914, 0.04052319116634002, 0.0, 0.0]"
0.5,3,16,"[0.05746488233704607, -0.05686481074743052, 0.0, 0.0]"
0.5,3,28,"[0.019524898536201363, 0.023308325100895828, 0.0, 0.0]"
0.5,6,8,"[0.0, 0.001969593678187939, 0.0, 0.0]"
0.5,6,9,"[-0.0013917663007722721, 0.009229720487791434, 0.0, 0.0]"
0.5,6,18,"[0.017634912677305596, -0.02234380281551415, 0.0, 0.0]"
0.5,6,22,"[0.0, 0.0027038408459401347, 0.0, 0.0]"
0.5,8,9,"[0.0, 0.008259025554009689, 0.0, 0.0]"
0.5,8,16,"[0.015662420214868196, -0.01864884912176972, 0.0, 0.0]"
0.5,8,22,"[0.0, 0.0027037869377954595, 0.0, 0.0]"
0.5,9,22,"[0.008258936637992133, 0.0, 0.0, 0.0]"
0.5,11,13,"[-0.04020528735933466, 0.043089745938909026, 0.0, 0.0]"
0.5,11,16,"[-0.006223505918186297, -0.0033368706515454196, 0.0, 0.0]"
0.5,11,18,"[-0.0036271143200994104, -0.006300255709046394, 0.0, 0.0]"
0.5,11,24,"[-0.00873662737662109, 0.0, 0.0, 0.0]"
0.5,13,22,"[0.01346384775953063, -0.0022523638190317433, 0.0, 0.0]"
0.5,13,29,"[0.07135055229920975, -0.08006487353010536, 0.0, 0.0]"
0.5,15,24,"[0.0, -0.00299441513670581, 0.0, 0.0]"
0.5,16,18,"[-0.0026506269199139147, -0.007336284599373379, 0.0, 0.0]"
0.5,16,24,"[-0.008164449462426032, 0.0, 0.0, 0.0]"
0.5,18,24,"[-0.009323822016928095, 0.0, 0.0, 0.0]"
0.5,24,28,"[-0.027451687115010646, 0.037312734568117, 0.0, 0.0]"
0.49,0,18,"[0.0014125522108714623, -0.010332615419654407, 0.0, 0.0]"
0.49,1,6,"[-0.002859562184150729, 0.0021979111821001417, 0.0, 0.0]"
0.49,1,9,"[-0.019698288279607352, 0.022194825369902527, 0.0, 0.0]"
0.49,1,13,"[-0.02150682346725027, 0.026277823250126522, 0.0, 0.0]"
0.49,3,6,"[0.0252645251616458, -0.01251217838900738, 0.0, 0.0]"
0.49,9,23,"[0.052011474094731544, -0.05901298759256157, 0.0, 0.0]"
0.49,15,16,"[0.0010396142548796945, -0.008914654186213783, 0.0, 0.0]"
0.48,2,13,"[-0.032879492568782524, 0.03680989930054185, 0.0, 0.0]"
0.48,3,15,"[0.036354766237351434, -0.03302029365193731, 0.0, 0.0]"
0.48,6,15,"[0.0018869301740202825, -0.002286790079959924, 0.0, 0.0]"
0.48,6,24,"[0.007128654307594839, -0.008223521397969537, 0.0, 0.0]"
0.47,0,9,"[-0.022611664925024554, 0.02512928001023389, 0.0, 0.0]"
0.47,8,15,"[0.00589461155035211, -0.005386069911248271, 0.0, 0.0]"
0.46,1,22,"[-0.008121182619612534, 0.007925014000834184, 0.0, 0.0]"
0.45,8,18,"[0.02319617020856771, -0.02633296802433309, 0.0, 0.0]"
